1, 1750779447.6602948, 0.837460588810369
1, 1750779447.6607745, 0.866545727638198
1, 1750779447.6611898, 0.8804963060447424
1, 1750779447.6615973, 0.8821827642975935
1, 1750779447.6620047, 0.8630904575447778
1, 1750779447.6625342, 0.7999330137111031
1, 1750779447.662963, 0.7286470320635283
1, 1750779447.663379, 0.5253363140000991
1, 1750779447.6637948, 0.3560746271025077
1, 1750779447.6642048, 0.28650076460830487
1, 1750779447.664611, 0.1711442749937162
1, 1750779447.6650164, 0.06080598334382037
1, 1750779447.665422, -0.021928340526928825
1, 1750779447.6658337, -0.14745370792940848
1, 1750779447.6662395, -0.3348409420718119
1, 1750779447.666647, -0.4541480168363914
1, 1750779447.6670523, -0.52932729418163
1, 1750779447.6674583, -0.6216432789539266
1, 1750779447.667867, -0.6786832834564
1, 1750779447.6682713, -0.7131983881875164
1, 1750779447.6686766, -0.7112672562320226
1, 1750779447.6690817, -0.7761248839165011
1, 1750779447.6694925, -0.7928020821946928
1, 1750779447.6698995, -0.795050693198494
1, 1750779447.6703064, -0.7794793007032226
1, 1750779447.670821, -0.7201530889938588
1, 1750779447.6712399, -0.6590115177639104
1, 1750779447.6716464, -0.5035010897199788
1, 1750779447.6720514, -0.2958196638561672
1, 1750779447.6724563, -0.2030668470098842
1, 1750779447.6728654, -0.10488943514646909
1, 1750779447.6732702, -0.0028169372900044287
1, 1750779447.6736755, 0.07456380661389206
1, 1750779447.6740804, 0.20426832021053842
1, 1750779447.674485, 0.34716850432630597
1, 1750779447.6748934, 0.5273360739453583
1, 1750779447.675302, 0.5952097525887572
1, 1750779447.6757102, 0.693856818608221
1, 1750779447.6761186, 0.7600541840059516
1, 1750779447.6765263, 0.8002576539409509
1, 1750779447.6769419, 0.8327706116662945
1, 1750779447.67736, 0.8611235196815801
1, 1750779447.6777709, 0.8790628762063322
1, 1750779447.6781788, 0.8817877057825942
1, 1750779447.6786137, 0.857571573637359
1, 1750779447.6791763, 0.8054990420636647
1, 1750779447.679589, 0.7451637005221814
1, 1750779447.680003, 0.5432500096243302
1, 1750779447.680411, 0.3740032418549486
1, 1750779447.6808226, 0.2950309253536165
1, 1750779447.6812315, 0.18607593527134547
1, 1750779447.6816401, 0.11098557593023806
1, 1750779447.682049, -0.019954241482190493
1, 1750779447.6824574, -0.1039017888589715
1, 1750779447.6828847, -0.27954707233502907
1, 1750779447.683295, -0.44761343868044046
1, 1750779447.6837037, -0.5268298321192872
1, 1750779447.6841123, -0.6140404912181445
1, 1750779447.6845279, -0.6815656590265591
1, 1750779447.6849651, -0.7126028165893759
1, 1750779447.68539, -0.7530229122659837
1, 1750779447.685804, -0.7793509962006171
1, 1750779447.6862183, -0.7930246755875852
1, 1750779447.686638, -0.7956546195084322
1, 1750779447.687054, -0.778233255115129
1, 1750779447.687476, -0.723107673144554
1, 1750779447.6880162, -0.6300421513709904
1, 1750779447.6885855, -0.34971053877608815
1, 1750779447.6890168, -0.2237507263601355
1, 1750779447.6894286, -0.138818516521499
1, 1750779447.6898375, -0.01644645605747108
1, 1750779447.6902463, 0.09520770270054113
1, 1750779447.6906555, 0.12179179887525704
1, 1750779447.6910684, 0.31925123485475027
1, 1750779447.6914783, 0.4685940952966958
1, 1750779447.6918888, 0.5442090111856648
1, 1750779447.6923, 0.6725421585172535
1, 1750779447.692709, 0.7486410509253525
1, 1750779447.6931167, 0.7988015470276615
1, 1750779447.6936002, 0.8306276280902196
1, 1750779447.6940215, 0.8620431347444404
1, 1750779447.6945288, 0.8799007344466019
1, 1750779447.6949406, 0.881752496640019
1, 1750779447.69535, 0.8654172447803989
1, 1750779447.6957862, 0.8511479937952902
1, 1750779447.6961958, 0.7651141555296324
1, 1750779447.6966047, 0.6135954894295503
1, 1750779447.697013, 0.3974364181517265
1, 1750779447.6974237, 0.30962601009882995
1, 1750779447.6978545, 0.22767881943243706
1, 1750779447.6983087, 0.07890407939272626
1, 1750779447.6987555, -0.026744831878223962
1, 1750779447.6991713, -0.15606144814141176
1, 1750779447.6995802, -0.33200869477243833
1, 1750779447.6999893, -0.45561307522660677
1, 1750779447.700502, -0.5153617966468758
1, 1750779447.7009478, -0.6469598459959265
1, 1750779447.7013617, -0.7019833811295453
1, 1750779447.7017705, -0.7262591897876203
1, 1750779447.7021797, -0.7594053153141931
1, 1750779447.7026038, -0.7858461878580936
1, 1750779447.703014, -0.7935289421210809
1, 1750779447.7034225, -0.7953049151431912
1, 1750779447.703833, -0.7622351755530534
1, 1750779447.7042444, -0.7134496263065717
1, 1750779447.7046525, -0.6680173003165546
1, 1750779447.705065, -0.442431130305438
1, 1750779447.7054732, -0.2636050886950225
1, 1750779447.7058818, -0.23256196348092217
1, 1750779447.70629, -0.11855535658676786
1, 1750779447.7066994, -0.0008458220709082198
1, 1750779447.7071102, 0.11820882104435926
1, 1750779447.7075186, 0.24827079695291543
1, 1750779447.707932, 0.42471335864051163
1, 1750779447.7083414, 0.5577573698956693
1, 1750779447.7088046, 0.637890394571734
1, 1750779447.7092216, 0.7242637921954502
1, 1750779447.7096314, 0.782755129490186
1, 1750779447.7100406, 0.806521897493738
1, 1750779447.7104979, 0.85255934332395
1, 1750779447.710966, 0.8748891008983213
1, 1750779447.7113917, 0.8821690386996401
1, 1750779447.71182, 0.8795635621490576
1, 1750779447.7122326, 0.8421081956303276
1, 1750779447.712643, 0.7937690266998869
1, 1750779447.713051, 0.7333734118804354
1, 1750779447.7134645, 0.49794479460666174
1, 1750779447.7139337, 0.32548802721163117
1, 1750779447.7143443, 0.2509508691445479
1, 1750779447.7147536, 0.1413477921328372
1, 1750779447.7151642, 0.022740126098739655
1, 1750779447.7155733, -0.008576914309295525
1, 1750779447.7159867, -0.22067261182786213
1, 1750779447.7165425, -0.4284590683542713
1, 1750779447.7169733, -0.5106545133140776
1, 1750779447.7173889, -0.6035875532291368
1, 1750779447.717799, -0.6346843873047934
1, 1750779447.7182071, -0.7119618908414771
1, 1750779447.7186174, -0.7389911738019774
1, 1750779447.7190263, -0.7727376450477179
1, 1750779447.7194345, -0.7917923555974447
1, 1750779447.719844, -0.7943286073931333
1, 1750779447.7202525, -0.7880792829685566
1, 1750779447.720663, -0.7472987411543965
1, 1750779447.7210717, -0.6941281617444512
1, 1750779447.72148, -0.5587818306239369
1, 1750779447.7218885, -0.3590755739360274
1, 1750779447.7222967, -0.24365881104347054
1, 1750779447.7227058, -0.14716964772829133
1, 1750779447.723115, -0.03482920907262255
1, 1750779447.7235231, 0.03637143516159158
1, 1750779447.7239327, 0.1478704349862201
1, 1750779447.7243412, 0.33790253217768074
1, 1750779447.724806, 0.46573021944551707
1, 1750779447.725226, 0.5849543438572491
1, 1750779447.7256372, 0.6763149076589814
1, 1750779447.7260463, 0.7506026179023944
1, 1750779447.7264547, 0.8007708719513729
1, 1750779447.726925, 0.8309283977149318
1, 1750779447.727346, 0.8589316013649766
1, 1750779447.7277567, 0.8771681469236707
1, 1750779447.7281659, 0.8801090054764127
1, 1750779447.728575, 0.8775106901073708
1, 1750779447.7289855, 0.8309373491918577
1, 1750779447.7293973, 0.7824633113423998
1, 1750779447.7298057, 0.6853672378916404
1, 1750779447.7302153, 0.4935227650052374
1, 1750779447.7306244, 0.33115013474986466
1, 1750779447.731036, 0.24266955945777813
1, 1750779447.7314453, 0.12880617619443901
1, 1750779447.731855, 0.0159620677704031
1, 1750779447.7322643, -0.054160221876797365
1, 1750779447.7326918, -0.2069088209065062
1, 1750779447.7331147, -0.3615742295286273
1, 1750779447.733526, -0.4883832387222893
1, 1750779447.7339344, -0.5780895695881041
1, 1750779447.7343445, -0.6499579940009945
1, 1750779447.7347555, -0.7085501846024296
1, 1750779447.7351894, -0.7270928706719915
1, 1750779447.7356017, -0.7685465635509834
1, 1750779447.7360108, -0.7888037558344307
1, 1750779447.7364209, -0.7956265715473976
1, 1750779447.7368298, -0.7926349879587418
1, 1750779447.7372386, -0.7571984778693799
1, 1750779447.737647, -0.7450053727659656
1, 1750779447.7380555, -0.6103996271697925
1, 1750779447.738464, -0.3968579677451194
1, 1750779447.7388818, -0.254676288843942
1, 1750779447.739295, -0.16769001343336187
1, 1750779447.7397041, -0.054808905571364974
1, 1750779447.7401133, 0.056903139404101744
1, 1750779447.7405286, 0.13160500464662261
1, 1750779447.7409506, 0.28983429461553234
1, 1750779447.7413635, 0.4347778025309328
1, 1750779447.741773, 0.5670842120873911
1, 1750779447.7421813, 0.6462659931487909
1, 1750779447.7425978, 0.7367958598917941
1, 1750779447.7430043, 0.7897808453468076
1, 1750779447.7434137, 0.8124447913930815
1, 1750779447.7438836, 0.8499759470831179
1, 1750779447.7443, 0.8759919228555995
1, 1750779447.7447083, 0.8818712529005701
1, 1750779447.7451184, 0.88081378509305
1, 1750779447.7455285, 0.8457430920273956
1, 1750779447.745939, 0.7963375038125089
1, 1750779447.7463636, 0.7370226306405852
1, 1750779447.7467742, 0.5035699027069347
1, 1750779447.747183, 0.35336471665445535
1, 1750779447.7475958, 0.30646136462293905
1, 1750779447.7480063, 0.15570297729643512
1, 1750779447.748518, 0.02029517936769576
1, 1750779447.7489405, -0.05563482850906709
1, 1750779447.7493556, -0.22902792039055297
1, 1750779447.7497647, -0.3595225510171969
1, 1750779447.7501743, -0.48957139809292816
1, 1750779447.750606, -0.5746533959787923
1, 1750779447.7510154, -0.6527997895424227
1, 1750779447.7514272, -0.709210206834437
1, 1750779447.7518353, -0.7284678175278188
1, 1750779447.7522442, -0.7648579582923596
1, 1750779447.7526531, -0.7885065668004889
1, 1750779447.7530618, -0.793685294584721
1, 1750779447.7534707, -0.7957602469361584
1, 1750779447.7538793, -0.761818633493432
1, 1750779447.754293, -0.7433678492536433
1, 1750779447.7548137, -0.5617382050700173
1, 1750779447.7552338, -0.39190422041429285
1, 1750779447.7556446, -0.23092145614295756
1, 1750779447.7560534, -0.19340581634625975
1, 1750779447.756463, -0.030007346835172033
1, 1750779447.756872, 0.08529782097837524
1, 1750779447.75728, 0.1465116007888594
1, 1750779447.7576928, 0.3365687621157125
1, 1750779447.7581015, 0.49559115294026235
1, 1750779447.7585104, 0.5765166817068392
1, 1750779447.7589197, 0.6225666596047477
1, 1750779447.7593284, 0.7430463778466274
1, 1750779447.759737, 0.795625563014331
1, 1750779447.7602494, 0.8247817168924394
1, 1750779447.7606688, 0.8611688738313381
1, 1750779447.7610805, 0.8784183698676631
1, 1750779447.7614925, 0.882302714088401
1, 1750779447.761902, 0.8764365128762557
1, 1750779447.7623127, 0.835516924787179
1, 1750779447.7627265, 0.7860904497927987
1, 1750779447.7631335, 0.6875687044502983
1, 1750779447.763542, 0.4972465794064367
1, 1750779447.7639515, 0.3213613963487636
1, 1750779447.764529, 0.19269047995450173
1, 1750779447.7649539, 0.0924082774832291
1, 1750779447.7653673, -0.020340348520263785
1, 1750779447.7657773, -0.11393520096271548
1, 1750779447.7661862, -0.2953893961985927
1, 1750779447.7665987, -0.4439206560659179
1, 1750779447.767006, -0.47587444486595265
1, 1750779447.7674148, -0.6055616522738752
1, 1750779447.7678244, -0.6740404507574689
1, 1750779447.7682335, -0.7100349362418821
1, 1750779447.7686422, -0.7439061313994577
1, 1750779447.7690508, -0.7730384146724303
1, 1750779447.7694595, -0.7924201525125187
1, 1750779447.7698684, -0.7943029464926121
1, 1750779447.770277, -0.7882105712968039
1, 1750779447.770704, -0.7421170295445225
1, 1750779447.7711248, -0.688309104977449
1, 1750779447.7715344, -0.5333232334813784
1, 1750779447.7719436, -0.3349561177415925
1, 1750779447.7723525, -0.2737859017854811
1, 1750779447.772761, -0.13252145088665035
1, 1750779447.7731707, -0.019224397730160714
1, 1750779447.7735794, 0.08941132300841792
1, 1750779447.7739906, 0.15076713291946087
1, 1750779447.7743995, 0.3105850116601645
1, 1750779447.77481, 0.46444538412407743
1, 1750779447.775218, 0.545853099114399
1, 1750779447.7756264, 0.6764599215851819
1, 1750779447.7760348, 0.7458654963131766
1, 1750779447.776444, 0.8016152946080553
1, 1750779447.7769175, 0.8285866913511009
1, 1750779447.7773366, 0.8610053601861574
1, 1750779447.777749, 0.8785484646656534
1, 1750779447.7781577, 0.8820813142257657
1, 1750779447.7785985, 0.8646486112950229
1, 1750779447.7791553, 0.8080514065178201
1, 1750779447.7795696, 0.7526906990866569
1, 1750779447.779979, 0.6079059306954102
1, 1750779447.7803905, 0.41967427389632483
1, 1750779447.7808018, 0.2981776678756556
1, 1750779447.7812116, 0.1954731957482183
1, 1750779447.7816238, 0.07750406840150603
1, 1750779447.7820334, -0.01742515086804275
1, 1750779447.7824423, -0.11363741516364545
1, 1750779447.7828543, -0.29748344503413904
1, 1750779447.7832623, -0.4024783017243654
1, 1750779447.7836719, -0.47522337411087134
1, 1750779447.784081, -0.6082894656757794
1, 1750779447.7844896, -0.6349565122033425
1, 1750779447.784899, -0.71284331293612
1, 1750779447.7853076, -0.7417339063320916
1, 1750779447.7857168, -0.7741591395835603
1, 1750779447.7861257, -0.791270186110097
1, 1750779447.7865603, -0.7955406373689082
1, 1750779447.787001, -0.7845822393161481
1, 1750779447.787413, -0.736827900211537
1, 1750779447.787822, -0.6899317093615613
1, 1750779447.7882311, -0.5168029844319553
1, 1750779447.7886403, -0.32676790341485296
1, 1750779447.7890496, -0.2290756616008247
1, 1750779447.7894588, -0.12294277381074492
1, 1750779447.7898674, -0.013570048138595858
1, 1750779447.7902765, 0.09748197460486319
1, 1750779447.79069, 0.18105773730665264
1, 1750779447.7910979, 0.36281628275801214
1, 1750779447.7915065, 0.4743940555795896
1, 1750779447.7919152, 0.5477245545570533
1, 1750779447.7923243, 0.6798608860519182
1, 1750779447.7927334, 0.7520038224238714
1, 1750779447.7931423, 0.7994997622278865
1, 1750779447.7935781, 0.828899396278381
1, 1750779447.7939956, 0.8591434529855575
1, 1750779447.79451, 0.882191119009391
1, 1750779447.794949, 0.8795987712916329
1, 1750779447.7954922, 0.8503829409006847
1, 1750779447.7959073, 0.8018504200686438
1, 1750779447.7963183, 0.7269504288034949
1, 1750779447.7967286, 0.5243212165166953
1, 1750779447.7971382, 0.35783747129179355
1, 1750779447.7975497, 0.28933778602870586
1, 1750779447.7979596, 0.16996387356974596
1, 1750779447.7983696, 0.0602808300308304
1, 1750779447.7987814, -0.022203449251120055
1, 1750779447.7991893, -0.12391430743977594
1, 1750779447.799599, -0.338065860825671
1, 1750779447.8000078, -0.4502374149500037
1, 1750779447.8004208, -0.5353176225404823
1, 1750779447.80083, -0.6255246393490228
1, 1750779447.8012385, -0.6851504271528419
1, 1750779447.801648, -0.7133308700460206
1, 1750779447.8020575, -0.7533714231009678
1, 1750779447.802524, -0.7819845207122345
1, 1750779447.802948, -0.7932598010481737
1, 1750779447.8033621, -0.794231931442333
1, 1750779447.8037722, -0.7758509687225668
1, 1750779447.804182, -0.7208936745182
1, 1750779447.8045914, -0.6571818358802441
1, 1750779447.8050003, -0.5059239561412718
1, 1750779447.8054092, -0.29401027198686647
1, 1750779447.8058205, -0.2381828942252966
1, 1750779447.8062298, -0.09481007212783821
1, 1750779447.8066406, 0.010406184425023834
1, 1750779447.8070488, 0.10865282104333307
1, 1750779447.8074584, 0.22076410188969708
1, 1750779447.807868, 0.40312955747663715
1, 1750779447.8082771, 0.533426062080653
1, 1750779447.808686, 0.6017526854565056
1, 1750779447.8090951, 0.6669265986590345
1, 1750779447.8095047, 0.7661954939422886
1, 1750779447.8099146, 0.8025492320339969
1, 1750779447.8103313, 0.8430469071772966
1, 1750779447.8108702, 0.871566312663405
1, 1750779447.811296, 0.8818133666831156
1, 1750779447.8117056, 0.8818181408041426
1, 1750779447.8121157, 0.8599502794391509
1, 1750779447.8125257, 0.8064419309665327
1, 1750779447.8129349, 0.7442160374982865
1, 1750779447.8133442, 0.5582586526035227
1, 1750779447.813754, 0.37483095508803554
1, 1750779447.8141656, 0.29625489063195953
1, 1750779447.8145902, 0.17795455863898635
1, 1750779447.8150008, 0.1115763734073516
1, 1750779447.8154109, -0.019338379869684452
1, 1750779447.815826, -0.14046618504100428
1, 1750779447.816237, -0.2819693419911937
1, 1750779447.816647, -0.4506497796537259
1, 1750779447.817056, -0.5256595757025
1, 1750779447.8174653, -0.615161812894403
1, 1750779447.8178742, -0.6806806563411458
1, 1750779447.818286, -0.7120018741050798
1, 1750779447.8186972, -0.7110010989847575
1, 1750779447.819102, -0.7752380909357028
1, 1750779447.8195088, -0.7917762429389779
1, 1750779447.819916, -0.7945070401665242
1, 1750779447.8203225, -0.8244228760530823
1, 1750779447.8207285, -0.7359494619425362
1, 1750779447.8211343, -0.6935922666591505
1, 1750779447.8215413, -0.5355939247949304
1, 1750779447.821948, -0.34602730440361995
1, 1750779447.822355, -0.2285940721422084
1, 1750779447.822766, -0.1375688903426351
1, 1750779447.8231766, -0.023356399479183665
1, 1750779447.8235865, 0.0952840886369759
1, 1750779447.8239954, 0.1201471141813939
1, 1750779447.824404, 0.3427369264828273
1, 1750779447.8248177, 0.4983661107873103
1, 1750779447.8252263, 0.5467983750777807
1, 1750779447.8256357, 0.6727134301091033
1, 1750779447.8260443, 0.7424770639141367
1, 1750779447.8264527, 0.8007231307411011
1, 1750779447.8268707, 0.7790116218397496
1, 1750779447.8273063, 0.8585472846222886
1, 1750779447.8277209, 0.8783592901199517
1, 1750779447.8281302, 0.8832867797851285
1, 1750779447.8285391, 0.8773782082488664
1, 1750779447.8289528, 0.836861436621458
1, 1750779447.8293626, 0.7876957479881872
1, 1750779447.8297715, 0.6761573616650844
1, 1750779447.8301837, 0.48018745144607067
1, 1750779447.8305962, 0.3395770551279633
1, 1750779447.8310075, 0.2544121068892524
1, 1750779447.8314166, 0.14330279469346685
1, 1750779447.8318257, 0.06118552596548099
1, 1750779447.832234, -0.041434802278852434
1, 1750779447.8326433, -0.16793826772677534
1, 1750779447.8330526, -0.38494951960795065
1, 1750779447.8334618, -0.43674336186668317
1, 1750779447.8338706, -0.5163930067887463
1, 1750779447.8342826, -0.6415430089254639
1, 1750779447.8346934, -0.700889510649193
1, 1750779447.8351018, -0.7215883091276545
1, 1750779447.835512, -0.7578435809731774
1, 1750779447.8359206, -0.7859434605740225
1, 1750779447.83633, -0.7933349934543517
1, 1750779447.8367386, -0.793859550002213
1, 1750779447.8371494, -0.7673040985536603
1, 1750779447.8375587, -0.7164889511054993
1, 1750779447.8379679, -0.64657493248811
1, 1750779447.8383768, -0.49723028175077966
1, 1750779447.838786, -0.31381810012863065
1, 1750779447.8391945, -0.23965033967602567
1, 1750779447.839604, -0.08536328014530836
1, 1750779447.8400161, 0.028791324500688553
1, 1750779447.8405344, 0.12816763750705418
1, 1750779447.84096, 0.2933754988874422
1, 1750779447.841377, 0.4255530071761666
1, 1750779447.8417869, 0.5736378867274503
1, 1750779447.8421962, 0.6475693281892103
1, 1750779447.8426087, 0.7278378185494216
1, 1750779447.8430152, 0.7893816094759099
1, 1750779447.843426, 0.8124823875961704
1, 1750779447.843872, 0.8510942849337346
1, 1750779447.844289, 0.8754596083610688
1, 1750779447.844699, 0.8828415929993438
1, 1750779447.8451085, 0.8812679233557601
1, 1750779447.845519, 0.8481116528220047
1, 1750779447.8459294, 0.7993064103262859
1, 1750779447.8463387, 0.7174224767635029
1, 1750779447.8467488, 0.5150086966880547
1, 1750779447.8471587, 0.35421988108344893
1, 1750779447.8475678, 0.28395198074492
1, 1750779447.8479776, 0.1741776321413595
1, 1750779447.8483868, 0.05453935273052002
1, 1750779447.8488402, -0.03810843345316561
1, 1750779447.8492594, -0.18788394861319935
1, 1750779447.8496697, -0.3562403428110117
1, 1750779447.8500812, -0.46986442325786326
1, 1750779447.8504908, -0.5481993946020671
1, 1750779447.8509007, -0.5965892885684214
1, 1750779447.85131, -0.6917966003878029
1, 1750779447.851719, -0.7178501723633735
1, 1750779447.852128, -0.7573184276601876
1, 1750779447.852537, -0.7826761714960471
1, 1750779447.8529472, -0.7927430024469817
1, 1750779447.8533561, -0.7950727735082448
1, 1750779447.853765, -0.7767872932090223
1, 1750779447.8541741, -0.7245751185952831
1, 1750779447.854605, -0.7011300069959372
1, 1750779447.8550155, -0.4562707103981003
1, 1750779447.855425, -0.2859258947924679
1, 1750779447.8558338, -0.20294570368881937
1, 1750779447.8562477, -0.08807975500977294
1, 1750779447.85668, 0.021008313696130543
1, 1750779447.8571074, 0.11705825787680935
1, 1750779447.8575182, 0.2480171717733466
1, 1750779447.8579276, 0.42387430686998506
1, 1750779447.8583376, 0.5503103378583987
1, 1750779447.8587477, 0.6191489857144159
1, 1750779447.8591573, 0.7134969557489055
1, 1750779447.8595667, 0.7375758319146093
1, 1750779447.8600059, 0.8067086849789264
1, 1750779447.860452, 0.8468274142656935
1, 1750779447.8608713, 0.8711784153299464
1, 1750779447.861282, 0.8819004943918616
1, 1750779447.8616924, 0.8824155026976683
1, 1750779447.8621573, 0.8899914360026724
1, 1750779447.8625674, 0.8002176706773487
1, 1750779447.8630002, 0.7183981877484329
1, 1750779447.8634102, 0.5321967259161546
1, 1750779447.8638196, 0.35492346716982937
1, 1750779447.8642313, 0.2855698110080054
1, 1750779447.864656, 0.16256935686377494
1, 1750779447.865079, 0.04498514302487866
1, 1750779447.8654914, -0.02772531698418046
1, 1750779447.8659017, -0.1320511999654732
1, 1750779447.866313, -0.3551076825973136
1, 1750779447.8679876, -0.7087518912158279
1, 1750779447.8685894, -0.711427189286433
1, 1750779447.869331, -0.7927012288879938
1, 1750779447.870029, -0.7962979323168444
1, 1750779447.870532, -0.7668153479135029
1, 1750779447.8709857, -0.7465778488792927
1, 1750779449.3016217, 0.04250558391638792
1, 1750779449.3021252, 0.043150090255057005
1, 1750779449.3026273, 0.04312084876376554
1, 1750779449.3030822, 0.04324795973611417
1, 1750779449.3035266, 0.04392767521735852
1, 1750779449.303966, 0.04381070925219266
1, 1750779449.3044043, 0.043897240195810205
1, 1750779449.3048394, 0.04446953795394348
1, 1750779449.305287, 0.04416160714769024
1, 1750779449.3057268, 0.04469451840734928
1, 1750779449.3061664, 0.04444208675803685
1, 1750779449.3067315, 0.04401062557020596
1, 1750779449.3071911, 0.043814289842963206
1, 1750779449.3076398, 0.04499230420641931
1, 1750779449.3080792, 0.0450054330392442
1, 1750779449.3085139, 0.045010207160271154
1, 1750779449.308945, 0.044569794495513904
1, 1750779449.3093717, 0.045040045416691044
1, 1750779449.3097844, 0.04467064780221319
1, 1750779449.3101993, 0.04413415595178405
1, 1750779449.3111198, 0.04462947100835368
1, 1750779449.3115473, 0.045313363845497
1, 1750779449.311956, 0.04527696117266489
1, 1750779449.3123655, 0.044714808421714825
1, 1750779449.3127756, 0.044725550194025576
1, 1750779449.3131833, 0.04477866229045313
1, 1750779449.3135965, 0.04437942641955539
1, 1750779449.3140042, 0.04410431769536416
1, 1750779449.3144114, 0.044385990835967615
1, 1750779449.3148224, 0.04411446270254693
1, 1750779449.3152316, 0.04427797634772768
1, 1750779449.315639, 0.04447073148420033
1, 1750779449.316046, 0.04415563949640644
1, 1750779449.316456, 0.04395154582249461
1, 1750779449.3168638, 0.04353082640697448
1, 1750779449.3172703, 0.043969448776346454
1, 1750779449.317677, 0.044595455396035266
1, 1750779449.3180835, 0.044357942874933
1, 1750779449.3184936, 0.043010447215011904
1, 1750779449.3193722, 0.04363585706957229
1, 1750779449.3198936, 0.04363287324393017
1, 1750779449.3208926, 0.043563648489036044
1, 1750779449.3214853, 0.0441246077097297
1, 1750779449.3220763, 0.044019577047131886
1, 1750779449.3226585, 0.04408164062048492
1, 1750779449.3232825, 0.04377788717013065
1, 1750779449.323884, 0.04414847831486579
1, 1750779449.3254087, 0.044404490554947884
1, 1750779449.3271875, 0.044362716995960394
1, 1750779449.3277838, 0.04428991165029572
1, 1750779449.328334, 0.044820435849441065
1, 1750779449.3288932, 0.04424396073540926
1, 1750779449.329369, 0.04444924793957794
1, 1750779449.329895, 0.041794836648466394
1, 1750779449.3303397, 0.04422128366053002
1, 1750779449.3307855, 0.044639616015536454
1, 1750779449.3313367, 0.043535003762873004
1, 1750779449.331858, 0.04362929265316007
1, 1750779449.3322754, 0.0445745686165413
1, 1750779449.3326838, 0.04529426736138831
1, 1750779449.3330927, 0.044062544136376225
1, 1750779449.333501, 0.04390678843786455
1, 1750779449.333908, 0.04372000095267614
1, 1750779449.3343153, 0.04428394399901192
1, 1750779449.3347545, 0.04451071474780255
1, 1750779449.3351674, 0.04429408900619469
1, 1750779449.3355768, 0.044449844704706365
1, 1750779449.3359833, 0.04425231544720676
1, 1750779449.3363917, 0.04461932600117091
1, 1750779449.3367982, 0.04494157917050545
1, 1750779449.3372047, 0.0444289579252124
1, 1750779449.3376107, 0.04453876270883761
1, 1750779449.3380187, 0.04468258310478124
1, 1750779449.3384266, 0.04469630870273411
1, 1750779449.3388352, 0.04497380448743904
1, 1750779449.3392415, 0.04514447931416088
1, 1750779449.3396485, 0.044883692953050947
1, 1750779449.3400583, 0.044538165943709185
1, 1750779449.3404644, 0.044756581980702315
1, 1750779449.3408709, 0.04439553907802196
1, 1750779449.3412771, 0.045196994645459565
1, 1750779449.3416846, 0.04546852277888025
1, 1750779449.342091, 0.045296654421902005
1, 1750779449.3424973, 0.0452363811439338
1, 1750779449.3429146, 0.044049415303551775
1, 1750779449.3433325, 0.045337831215761515
1, 1750779449.3437455, 0.04549299014914476
1, 1750779449.344228, 0.044451635000091194
1, 1750779449.345236, 0.044102527399978886
1, 1750779449.3457446, 0.0448824994227941
1, 1750779449.3461864, 0.04489085413459204
1, 1750779449.3466465, 0.04471719548222808
1, 1750779449.3470664, 0.04393662669428444
1, 1750779449.3474827, 0.04429826636209322
1, 1750779449.3479006, 0.044213525713860946
1, 1750779449.3483133, 0.04449221502882228
1, 1750779449.348741, 0.04350576227158154
1, 1750779449.3499308, 0.04262792076770916
1, 1750779449.3504188, 0.044025544698415686
1, 1750779449.3508346, 0.044019577047131886
1, 1750779449.3512485, 0.04415981685230497
1, 1750779449.3516645, 0.04310951022632592
1, 1750779449.352081, 0.044137736542554595
1, 1750779449.3525026, 0.04422367072104372
1, 1750779449.3529096, 0.04423978337951029
1, 1750779449.3533218, 0.044174735980515134
1, 1750779449.3537335, 0.044177719806157256
1, 1750779449.3541434, 0.04436987817750104
1, 1750779449.3545668, 0.043974222897373405
1, 1750779449.355034, 0.04429707283183637
1, 1750779449.3554747, 0.044143704193838396
1, 1750779449.355916, 0.04472137283812705
1, 1750779449.3563538, 0.04430483077850589
1, 1750779449.3568676, 0.043220508540207536
1, 1750779449.3578336, 0.044161010382561816
1, 1750779449.3582914, 0.04511643135312582
1, 1750779449.3587458, 0.04412818830050025
1, 1750779449.3591895, 0.044573971851412875
1, 1750779449.3596294, 0.04473629196633677
1, 1750779449.3600688, 0.04409835004408036
1, 1750779449.3605504, 0.04478761376737905
1, 1750779449.3611815, 0.044344814042108105
1, 1750779449.3617182, 0.044696905467862535
1, 1750779449.3621807, 0.04394915876198091
1, 1750779449.3626626, 0.043674646802918105
1, 1750779449.3631198, 0.04461335834988711
1, 1750779449.3635783, 0.043916933445047324
1, 1750779449.3640316, 0.04360721234340925
1, 1750779449.3644829, 0.043651969728038864
1, 1750779449.364978, 0.043881127537343634
1, 1750779449.366067, 0.043593486745455934
1, 1750779449.3665414, 0.04399928703276634
1, 1750779449.3669562, 0.04381488660809163
1, 1750779449.3673697, 0.043679420923945056
1, 1750779449.3677788, 0.04413713977742617
1, 1750779449.3681917, 0.04382085425937543
1, 1750779449.3685985, 0.044690937816578735
1, 1750779449.3690083, 0.04447490884009886
1, 1750779449.3694162, 0.04414191389845312
1, 1750779449.369823, 0.04412281741434443
1, 1750779449.3702302, 0.04478582347199378
1, 1750779449.370641, 0.04394498140608194
1, 1750779449.3710487, 0.044449844704706365
1, 1750779449.371457, 0.043702097998824296
1, 1750779449.3718648, 0.04471242136120113
1, 1750779449.3722715, 0.04524891321163027
1, 1750779449.3726969, 0.044928450337681
1, 1750779449.3734157, 0.04366032443983636
1, 1750779449.3738456, 0.04485922558278688
1, 1750779449.3742566, 0.0454589745368259
1, 1750779449.3746715, 0.0446575189693883
1, 1750779449.3750849, 0.0453903465470602
1, 1750779449.3755004, 0.045254284097785646
1, 1750779449.3759122, 0.045442265113230906
1, 1750779449.3763242, 0.044650954552976074
1, 1750779449.3767388, 0.04497380448743904
1, 1750779449.377211, 0.044913531209470836
1, 1750779449.377759, 0.044454618825733316
1, 1750779449.3784938, 0.04440389378981946
1, 1750779449.3792913, 0.04412878506562867
1, 1750779449.38012, 0.04342639250950464
1, 1750779449.3810675, 0.04334284539152922
1, 1750779449.381893, 0.04322647619149178
1, 1750779449.3823617, 0.04469869576324781
1, 1750779449.3831496, 0.043039091941174945
1, 1750779449.3836043, 0.04394498140608194
1, 1750779449.3840172, 0.04411684976306063
1, 1750779449.3844283, 0.04420039688103605
1, 1750779449.3848379, 0.043792806298340814
1, 1750779449.3852491, 0.04451727916421522
1, 1750779449.3856597, 0.0443519752236492
1, 1750779449.3860698, 0.044392555252380284
1, 1750779449.3864796, 0.0445035535662619
1, 1750779449.3868897, 0.04410014033946519
1, 1750779449.3873017, 0.04463603542476635
1, 1750779449.3877144, 0.045085399566449524
1, 1750779449.3881276, 0.04421650953950307
1, 1750779449.3885388, 0.044103720930235735
1, 1750779449.3891642, 0.044038076766112155
1, 1750779449.3895936, 0.04469869576324781
1, 1750779449.3900068, 0.04498693332026393
1, 1750779449.390419, 0.045138511662876635
1, 1750779449.39083, 0.04453637564832391
1, 1750779449.3912404, 0.04527338058189434
1, 1750779449.3916507, 0.04536170182089716
1, 1750779449.3920608, 0.04519401081981789
1, 1750779449.3924708, 0.04521907495521038
1, 1750779449.3928814, 0.04519759141058799
1, 1750779449.393291, 0.04557713403224861
1, 1750779449.3937142, 0.04341207014642334
1, 1750779449.394183, 0.0446455836668207
1, 1750779449.3946717, 0.04411565623280378
1, 1750779449.3951037, 0.0452990414824157
1, 1750779449.3955152, 0.04433944315595273
1, 1750779449.3959239, 0.04479596847917655
1, 1750779449.3963323, 0.04486937058996965
1, 1750779449.3968353, 0.04331778125613628
1, 1750779449.3977249, 0.04437524906365642
1, 1750779449.3981497, 0.04447669913548413
1, 1750779449.3985608, 0.04514567284441773
1, 1750779449.3989966, 0.044521456520113745
1, 1750779449.399408, 0.04427976664311295
1, 1750779449.3998168, 0.043475327250033224
1, 1750779449.4002247, 0.043974222897373405
1, 1750779449.4006321, 0.0442893148851673
1, 1750779449.4010413, 0.045171333744938647
1, 1750779449.4014528, 0.044167574798974485
1, 1750779449.4018612, 0.04435376551903447
1, 1750779449.4022682, 0.04444208675803685
1, 1750779449.4026768, 0.044473118544713586
1, 1750779449.4031003, 0.044196219525137526
1, 1750779449.4035368, 0.044115059467675355
1, 1750779449.4039755, 0.043699114173182174
1, 1750779449.4044132, 0.0439873517301983
1, 1750779449.40487, 0.04408760827176916
1, 1750779449.4056456, 0.04455726242781788
1, 1750779449.4060938, 0.044597842456548964
1, 1750779449.4065325, 0.04454055300422244
1, 1750779449.4069731, 0.04395751347377841
1, 1750779449.407413, 0.0444951988544644
1, 1750779449.4078496, 0.04463782572015118
1, 1750779449.4082875, 0.044913531209470836
1, 1750779449.408725, 0.04519460758494587
1, 1750779449.4091618, 0.04513433430697811
1, 1750779449.4095988, 0.04497678831308116
1, 1750779449.410036, 0.04411684976306063
1, 1750779449.4108467, 0.044326314323127836
1, 1750779449.4113507, 0.04448326355189636
1, 1750779449.4118633, 0.04432213696722931
1, 1750779449.4124575, 0.043837563682970426
1, 1750779449.4132469, 0.043856063401950696
1, 1750779449.4140017, 0.0430898169770888
1, 1750779449.414664, 0.04290601331754251
1, 1750779449.4153178, 0.04325512091765482
1, 1750779449.41604, 0.04291854538523854
1, 1750779449.4166813, 0.04267685550823774
1, 1750779449.4173374, 0.04287796535650745
1, 1750779449.4179826, 0.04357080967057714
1, 1750779449.4186666, 0.04284574003957431
1, 1750779449.4193132, 0.04386919223477559
1, 1750779449.4198985, 0.04415026861025062
1, 1750779449.4203508, 0.044031512349699486
1, 1750779449.4209182, 0.04383517662245717
1, 1750779449.4213893, 0.044203380706678175
1, 1750779449.4218407, 0.044433135281110925
1, 1750779449.4222946, 0.044397329373407235
1, 1750779449.4227445, 0.044213525713860946
1, 1750779449.4232664, 0.04393662669428444
1, 1750779449.4237182, 0.04430483077850589
1, 1750779449.424162, 0.0437564036255087
1, 1750779449.4246163, 0.04455189154166206
1, 1750779449.4250612, 0.04518863993366207
1, 1750779449.425513, 0.04482222614482634
1, 1750779449.4259603, 0.04498335272949339
1, 1750779449.4264102, 0.04510927017158517
1, 1750779449.4274187, 0.04470585694478846
1, 1750779449.427901, 0.044632454833995805
1, 1750779449.428347, 0.044991707441290885
1, 1750779449.4288158, 0.04377490334448897
1, 1750779449.4294546, 0.0438309992665582
1, 1750779449.4300919, 0.0431608320273682
1, 1750779449.4307323, 0.04320678294225466
1, 1750779449.4313352, 0.04360124469212501
1, 1750779449.4317772, 0.044183687457441057
1, 1750779449.43222, 0.044384797305710766
1, 1750779449.4326613, 0.044932030928451105
1, 1750779449.4331033, 0.0434711498941347
1, 1750779449.433548, 0.04361138969930778
1, 1750779449.4339902, 0.04384949898553847
1, 1750779449.434433, 0.043644808546498215
1, 1750779449.435286, 0.043825628380402826
1, 1750779449.4357674, 0.0436770338634318
1, 1750779449.4362118, 0.043914546384533626
1, 1750779449.4366555, 0.044005254684050144
1, 1750779449.4370985, 0.04415146214050747
1, 1750779449.437541, 0.04395393288300786
1, 1750779449.4379833, 0.04418547775282633
1, 1750779449.4384258, 0.04428812135491045
1, 1750779449.4388714, 0.044391361722123435
1, 1750779449.4393148, 0.04448386031702478
1, 1750779449.439758, 0.04458769744936619
1, 1750779449.4401996, 0.04409357592305296
1, 1750779449.4406424, 0.04435913640518985
1, 1750779449.4410844, 0.044422990273928153
1, 1750779449.4415264, 0.0448657899991991
1, 1750779449.4419682, 0.04470406664940363
1, 1750779449.44241, 0.0445638268442301
1, 1750779449.443171, 0.044995884797189856
1, 1750779449.443642, 0.04448744090779533
1, 1750779449.4440973, 0.04425291221233518
1, 1750779449.4445426, 0.044779259055581555
1, 1750779449.4449852, 0.0448765317715103
1, 1750779449.445428, 0.04534678269268744
1, 1750779449.4459274, 0.04354455200492735
1, 1750779449.4465644, 0.0433171844910083
1, 1750779449.4472377, 0.04319962176071401
1, 1750779449.447875, 0.0428839330077917
1, 1750779449.448427, 0.04423023513745594
1, 1750779449.4488683, 0.04391156255889195
1, 1750779449.4493122, 0.044256492803105285
1, 1750779449.4497547, 0.04385069251579532
1, 1750779449.4501975, 0.04308265579554815
1, 1750779449.450642, 0.04414728478460894
1, 1750779449.4513254, 0.04350039138542616
1, 1750779449.451787, 0.0439706423066033
1, 1750779449.4522321, 0.04385188604605217
1, 1750779449.4526749, 0.04377550010961739
1, 1750779449.4531178, 0.04407746326458639
1, 1750779449.4535606, 0.04397481966250183
1, 1750779449.454003, 0.04374088773217011
1, 1750779449.454446, 0.04408283415074177
1, 1750779449.4549148, 0.04411923682357388
1, 1750779449.4553585, 0.04458232656321037
1, 1750779449.4558003, 0.04430065342260692
1, 1750779449.4562454, 0.04437584582878484
1, 1750779449.4566875, 0.04426962163593018
1, 1750779449.4571292, 0.044736888731465196
1, 1750779449.4575715, 0.044081043855356494
1, 1750779449.4580142, 0.044695115172477706
1, 1750779449.458456, 0.04478164611609525
1, 1750779449.459178, 0.044246347795922514
1, 1750779449.4596417, 0.04440568408520473
1, 1750779449.460088, 0.044766726987885086
1, 1750779449.4607716, 0.044421199978543324
1, 1750779449.4612339, 0.044815064963285245
1, 1750779449.4616807, 0.0448598223479153
1, 1750779449.4621649, 0.043410876616166494
1, 1750779449.4628081, 0.043804144835780434
1, 1750779449.4634407, 0.04356722907980659
1, 1750779449.4640787, 0.0431691867391657
1, 1750779449.4646628, 0.04375879068602195
1, 1750779449.4651039, 0.04402136734251716
1, 1750779449.465546, 0.044287524589782024
1, 1750779449.4659894, 0.04447073148420033
1, 1750779449.4664314, 0.0435314231721029
1, 1750779449.4674497, 0.043399538078726874
1, 1750779449.4679196, 0.04404643147790965
1, 1750779449.4683635, 0.04406970531791732
1, 1750779449.468806, 0.043915739914790475
1, 1750779449.4692492, 0.04415444596614959
1, 1750779449.4696922, 0.04403210911482791
1, 1750779449.470135, 0.04383219279681505
1, 1750779449.4705944, 0.04335478069409726
1, 1750779449.4710395, 0.04393782022454129
1, 1750779449.4714825, 0.0436830015147156
1, 1750779449.4719255, 0.04473569520120835
1, 1750779449.4723687, 0.044486844142666904
1, 1750779449.4728115, 0.04426723457541648
1, 1750779449.4732547, 0.044633648364252654
1, 1750779449.473697, 0.043973029367116556
1, 1750779449.4741406, 0.04435913640518985
1, 1750779449.4746017, 0.044819242319184216
1, 1750779449.4756107, 0.04447789266574098
1, 1750779449.476068, 0.04466527691605782
1, 1750779449.4765134, 0.04489085413459204
1, 1750779449.4773376, 0.04423023513745594
1, 1750779449.4778075, 0.044838935568421334
1, 1750779449.4782577, 0.045125382830052185
1, 1750779449.4787214, 0.044733308140695094
1, 1750779449.4793897, 0.04390022402145233
1, 1750779449.4800358, 0.043415650737193445
1, 1750779449.4807446, 0.04304804341810087
1, 1750779449.4813743, 0.043498004324912465
1, 1750779449.4818263, 0.0439103690286351
1, 1750779449.482271, 0.04403867353124058
1, 1750779449.4827745, 0.04307430108375021
1, 1750779449.4832366, 0.043345232452042914
1, 1750779449.4837804, 0.043372683647949106
1, 1750779449.484233, 0.04358393850340159
1, 1750779449.4846761, 0.0438417410388694
1, 1750779449.4851298, 0.043768935693204725
1, 1750779449.4855769, 0.04404106059175383
1, 1750779449.4860313, 0.04366151797009321
1, 1750779449.4864805, 0.043931255808129066
1, 1750779449.4869308, 0.04363824413008599
1, 1750779449.4873767, 0.04414191389845312
1, 1750779449.4878423, 0.04393782022454129
1, 1750779449.4882867, 0.04418965510872486
1, 1750779449.488729, 0.0444206032134149
1, 1750779449.489179, 0.04439374878263669
1, 1750779449.489621, 0.04464856749246238
1, 1750779449.49007, 0.04422426748617214
1, 1750779449.4905152, 0.044539956239094014
1, 1750779449.4909737, 0.04380951572193581
1, 1750779449.491434, 0.04464856749246238
1, 1750779449.4918928, 0.044403297024691035
1, 1750779449.4926333, 0.04477746876019628
1, 1750779449.4930944, 0.0449511274125598
1, 1750779449.4936128, 0.04417891333641366
1, 1750779449.4940808, 0.04460201981244749
1, 1750779449.494533, 0.04476553345762824
1, 1750779449.4949925, 0.04447669913548413
1, 1750779449.4955513, 0.04351889110440643
1, 1750779449.496199, 0.043666292091120606
1, 1750779449.4968414, 0.04337745776897606
1, 1750779449.4975138, 0.04322766972174863
1, 1750779449.4980826, 0.043844128099383095
1, 1750779449.4985313, 0.04374745214858278
1, 1750779449.4990182, 0.04385307957630902
1, 1750779449.4994652, 0.04384830545528162
1, 1750779449.499907, 0.0436830015147156
1, 1750779449.5003548, 0.04377251628397527
1, 1750779449.5007975, 0.043514116983379036
1, 1750779449.501311, 0.04362153470649055
1, 1750779449.5017567, 0.043973029367116556
1, 1750779449.5022075, 0.043909772263506675
1, 1750779449.5026543, 0.0442015904112929
1, 1750779449.5031078, 0.043707468884980116
1, 1750779449.5035741, 0.04378385482141489
1, 1750779449.5040984, 0.04389664343068178
1, 1750779449.5045621, 0.04409178562766769
1, 1750779449.5051565, 0.04411446270254693
1, 1750779449.5056453, 0.044619922766299336
1, 1750779449.5061646, 0.04414788154973737
1, 1750779449.5066385, 0.04420099364616448
1, 1750779449.5071828, 0.04412281741434443
1, 1750779449.5076466, 0.0445011665057482
1, 1750779449.5081959, 0.04444745764419267
1, 1750779449.508663, 0.044797758774561824
1, 1750779449.5092082, 0.044539359473966034
1, 1750779449.5096726, 0.044662293090415695
1, 1750779449.5106955, 0.04428871812003887
1, 1750779449.5112028, 0.045103899285429794
1, 1750779449.5116699, 0.04498693332026393
1, 1750779449.5122743, 0.043549326125954746
1, 1750779449.5130649, 0.044745243443262694
1, 1750779449.5138478, 0.043166799678652
1, 1750779449.514645, 0.04338282865513188
1, 1750779449.5152051, 0.04411804329331748
1, 1750779449.5156667, 0.0439849646696846
1, 1750779449.5161269, 0.04387515988605939
1, 1750779449.5165884, 0.04338044159461818
1, 1750779449.5170498, 0.04330047506741286
1, 1750779449.5175097, 0.04386620840913347
1, 1750779449.5179691, 0.043828612206044504
1, 1750779449.5184295, 0.043405505730010674
1, 1750779449.5189111, 0.044050608833808624
1, 1750779449.519374, 0.04385248281118059
1, 1750779449.5198326, 0.04377967746551592
1, 1750779449.5202925, 0.04404881853842335
1, 1750779449.5208125, 0.04329212035561536
1, 1750779449.5212913, 0.043687178870614574
1, 1750779449.521757, 0.04408820503689759
1, 1750779449.522217, 0.04415922008717654
1, 1750779449.5226805, 0.04448027972625468
1, 1750779449.523142, 0.044233218963098064
1, 1750779449.523602, 0.04424217044002399
1, 1750779449.524061, 0.0441305753610135
1, 1750779449.52452, 0.04418905834359643
1, 1750779449.5249786, 0.044921885921268334
1, 1750779449.5254385, 0.04488727354382149
1, 1750779449.525898, 0.044603810107832764
1, 1750779449.5263562, 0.04415922008717654
1, 1750779449.5268586, 0.044721969603255474
1, 1750779449.527881, 0.04466050279503042
1, 1750779449.528351, 0.044598439221676944
1, 1750779449.5291522, 0.0441246077097297
1, 1750779449.5299501, 0.043428182804889914
1, 1750779449.5307174, 0.04329570094638591
1, 1750779449.5314686, 0.04386919223477559
1, 1750779449.5319657, 0.04421412247898937
1, 1750779449.5324268, 0.04393543316402759
1, 1750779449.5328877, 0.04357200320083354
1, 1750779449.5333478, 0.04346995636387785
1, 1750779449.5338078, 0.04371701712703446
1, 1750779449.5342677, 0.04348964961311497
1, 1750779449.5347285, 0.043582148208016314
1, 1750779449.5351884, 0.043696130347540496
1, 1750779449.5356474, 0.04331360390023775
1, 1750779449.5361078, 0.04395990053429211
1, 1750779449.536567, 0.04347890784080377
1, 1750779449.537366, 0.043520681399791705
1, 1750779449.5378404, 0.04411565623280378
1, 1750779449.5383039, 0.04400346438866487
1, 1750779449.538764, 0.04446476383291609
1, 1750779449.5392241, 0.04425947662874741
1, 1750779449.5396857, 0.04379459659372609
1, 1750779449.5401452, 0.044310201664661264
1, 1750779449.5406044, 0.044586503919109344
1, 1750779449.541065, 0.04435376551903447
1, 1750779449.5415246, 0.04460739069860331
1, 1750779449.5419858, 0.04445223176521962
1, 1750779449.5424464, 0.0444951988544644
1, 1750779449.5429342, 0.044631261303738956
1, 1750779449.5433946, 0.04439494231289354
1, 1750779449.5444021, 0.0447995490699471
1, 1750779449.5448937, 0.04458769744936619
1, 1750779449.5453846, 0.04387038576503244
1, 1750779449.5461662, 0.04384353133425467
1, 1750779449.5469363, 0.043221702070464385
1, 1750779449.5476983, 0.04349143990850024
1, 1750779449.5484717, 0.043620341176234145
1, 1750779449.5492456, 0.04361974441110572
1, 1750779449.5500176, 0.04273474172569225
1, 1750779449.5508196, 0.04308683315144668
1, 1750779449.5515444, 0.043214540888923736
1, 1750779449.5520353, 0.04305878519041206
1, 1750779449.552504, 0.043648985902397186
1, 1750779449.5530255, 0.043622131471618975
1, 1750779449.5534925, 0.04364779237214034
