3, 1750779448.0875876, -0.02407132410300372
3, 1750779448.0880418, -0.11309734272244576
3, 1750779448.0884497, -0.2956519728550875
3, 1750779448.088858, -0.3975913920879197
3, 1750779448.0892653, -0.5060880665515812
3, 1750779448.0896726, -0.5991732815743818
3, 1750779448.09008, -0.6601680485827446
3, 1750779448.0904868, -0.7003327287843983
3, 1750779448.0908947, -0.7267831495703532
3, 1750779448.091305, -0.7511836821402631
3, 1750779448.091713, -0.7732347503996728
3, 1750779448.092121, -0.7781001764914963
3, 1750779448.0925286, -0.7669890065658664
3, 1750779448.092938, -0.7286814594437852
3, 1750779448.093346, -0.6948317478308317
3, 1750779448.0938547, -0.48669200634841125
3, 1750779448.094265, -0.29750791240440355
3, 1750779448.0946753, -0.2275903131962438
3, 1750779448.0950823, -0.15558463280382195
3, 1750779448.0954914, -0.0415493811835046
3, 1750779448.0959015, 0.09280930364951212
3, 1750779448.09631, 0.12136451504332424
3, 1750779448.0967178, 0.3116496406492253
3, 1750779448.0971262, 0.5006421729870176
3, 1750779448.097542, 0.5451883027613644
3, 1750779448.0979517, 0.6286930504128745
3, 1750779448.0983598, 0.7154095879854188
3, 1750779448.0989308, 0.7896793952749799
3, 1750779448.099369, 0.8202659951658569
3, 1750779448.0997837, 0.8435648993087455
3, 1750779448.1001923, 0.8608024600425024
3, 1750779448.100604, 0.8608120082845567
3, 1750779448.1010144, 0.8393427860253344
3, 1750779448.101423, 0.7906312356547738
3, 1750779448.1018314, 0.7747435576414516
3, 1750779448.102241, 0.5762934915488187
3, 1750779448.102653, 0.3650070075443588
3, 1750779448.1030622, 0.2983566974141749
3, 1750779448.1034703, 0.18793545541143164
3, 1750779448.1038795, 0.10484904011492846
3, 1750779448.1042879, -0.022642668385620457
3, 1750779448.1046963, -0.056963824450007916
3, 1750779448.1051052, -0.2943557989962087
3, 1750779448.1055133, -0.4332642211681268
3, 1750779448.1059213, -0.5076754617931181
3, 1750779448.1063304, -0.591599138564763
3, 1750779448.10674, -0.6542821541213617
3, 1750779448.107147, -0.7016115964545537
3, 1750779448.107555, -0.7253885094652885
3, 1750779448.1079636, -0.7513304863618488
3, 1750779448.108372, -0.7714241650001155
3, 1750779448.1087804, -0.7802377891814156
3, 1750779448.1091888, -0.7715423244955382
3, 1750779448.1095963, -0.729797410233888
3, 1750779448.1100154, -0.6992364712435324
3, 1750779448.1105244, -0.4862486098580119
3, 1750779448.1109378, -0.2975508794936479
3, 1750779448.1113467, -0.22416189753360127
3, 1750779448.111755, -0.15632044420713598
3, 1750779448.1121645, -0.009922022908702921
3, 1750779448.1125796, 0.09856152272213414
3, 1750779448.113, 0.17451241737839052
3, 1750779448.113417, 0.3652994224572734
3, 1750779448.1138291, 0.47262524373901993
3, 1750779448.1142428, 0.547760360464757
3, 1750779448.1146698, 0.678915610088537
3, 1750779448.1151848, 0.7661823651094637
3, 1750779448.1157901, 0.80550083235905
3, 1750779448.1162534, 0.831191571136555
3, 1750779448.1166787, 0.8173245398479865
3, 1750779448.1170895, 0.8628422032513643
3, 1750779448.1175017, 0.8554321706520547
3, 1750779448.117911, 0.8126065147428769
3, 1750779448.1183248, 0.772432286299169
3, 1750779448.1187413, 0.6579787023238453
3, 1750779448.1191502, 0.42497533853187797
3, 1750779448.1195588, 0.3265055117555482
3, 1750779448.1199687, 0.24228345241970484
3, 1750779448.1203873, 0.14895057986861948
3, 1750779448.1208212, -0.0010105292463458149
3, 1750779448.1212397, -0.05948993123851354
3, 1750779448.1216524, -0.2370806690331464
3, 1750779448.122063, -0.3939284477298166
3, 1750779448.1224723, -0.4939307673558706
3, 1750779448.1228824, -0.5676563248483337
3, 1750779448.12337, -0.650185361514914
3, 1750779448.123782, -0.701147909949789
3, 1750779448.12419, -0.7235033284246815
3, 1750779448.1246011, -0.7485680605824976
3, 1750779448.1250103, -0.7702318282735776
3, 1750779448.1254184, -0.7795264451483659
3, 1750779448.125827, -0.7707593686470808
3, 1750779448.1262357, -0.7281551126005386
3, 1750779448.126668, -0.6839921060386227
3, 1750779448.1270828, -0.5350807067845087
3, 1750779448.1274943, -0.3874338528374688
3, 1750779448.127904, -0.27374830558239216
3, 1750779448.1283128, -0.1897721134794481
3, 1750779448.1287844, -0.02248750945223721
3, 1750779448.1291943, 0.0872653556067009
3, 1750779448.1296039, 0.14848331277308446
3, 1750779448.130013, 0.33387377079587033
3, 1750779448.1304219, 0.48768938587515365
3, 1750779448.130836, 0.5764808757991355
3, 1750779448.1312456, 0.6226490131924662
3, 1750779448.1316535, 0.7298984485377775
3, 1750779448.1320674, 0.7834115711314231
3, 1750779448.1324756, 0.8068698115635935
3, 1750779448.132884, 0.831356278311993
3, 1750779448.1332922, 0.85364664938789
3, 1750779448.1337001, 0.86190170140901
3, 1750779448.134108, 0.8577255390404854
3, 1750779448.1345158, 0.8223296089798549
3, 1750779448.1349242, 0.7769295083067713
3, 1750779448.135333, 0.6683982214656625
3, 1750779448.135741, 0.49266282645521686
3, 1750779448.1361492, 0.33663798687060664
3, 1750779448.1365573, 0.29885738335689993
3, 1750779448.1369665, 0.1357596834705248
3, 1750779448.1373742, 0.06831448218931557
3, 1750779448.137782, -0.03436373227247236
3, 1750779448.1381903, -0.13146338631400223
3, 1750779448.1385994, -0.3478790665970366
3, 1750779448.1390073, -0.4706085893729748
3, 1750779448.139416, -0.5346176170448722
3, 1750779448.1398244, -0.6179857054819793
3, 1750779448.1402333, -0.6823181798534681
3, 1750779448.1406415, -0.6719434180962807
3, 1750779448.1410499, -0.7370624289069971
3, 1750779448.1414587, -0.7603368656796214
3, 1750779448.141867, -0.7771823517240213
3, 1750779448.1422758, -0.7779235340134907
3, 1750779448.1426852, -0.7579891916645063
3, 1750779448.1430933, -0.7115268490628754
3, 1750779448.1435032, -0.6445501084074579
3, 1750779448.143912, -0.4979082069366392
3, 1750779448.1443212, -0.28277974903555725
3, 1750779448.1447318, -0.2231086070819801
3, 1750779448.14514, -0.10326145987620095
3, 1750779448.1455483, 0.010896128595438093
3, 1750779448.1459572, 0.10015965973598195
3, 1750779448.146365, 0.15125946415038882
3, 1750779448.1467757, 0.37432310796376944
3, 1750779448.147183, 0.5149466331147017
3, 1750779448.147591, 0.5909792845935486
3, 1750779448.1479995, 0.6817490509181674
3, 1750779448.1484072, 0.737313852023243
3, 1750779448.1488156, 0.7885151065094771
3, 1750779448.149224, 0.8107159628161145
3, 1750779448.1496322, 0.8375775547755349
3, 1750779448.1500404, 0.8177762910501833
3, 1750779448.150449, 0.8627222534605563
3, 1750779448.1508594, 0.8540053052300567
3, 1750779448.1512682, 0.8093690639213218
3, 1750779448.1516805, 0.7695099274654074
3, 1750779448.1520905, 0.6205442225846092
3, 1750779448.1524987, 0.4553297967878085
3, 1750779448.1529078, 0.32177137399197253
3, 1750779448.153316, 0.2325484228801593
3, 1750779448.1537244, 0.11499166023716922
3, 1750779448.1541328, 0.0008668938475921983
3, 1750779448.154542, -0.01095084599006002
3, 1750779448.1549516, -0.2204309219508609
3, 1750779448.1553643, -0.3843085938600517
3, 1750779448.155773, -0.4801013322703911
3, 1750779448.1561813, -0.5187555999320712
3, 1750779448.1565893, -0.6352853297890895
3, 1750779448.156998, -0.692037096734547
3, 1750779448.1574059, -0.7195425982675083
3, 1750779448.1578143, -0.7407307441512556
3, 1750779448.1582224, -0.7662466307461402
3, 1750779448.1586316, -0.7774335898430764
3, 1750779448.15904, -0.7758796134487298
3, 1750779448.1594484, -0.7875636778976212
3, 1750779448.159857, -0.7001793601464001
3, 1750779448.160266, -0.600265361759349
3, 1750779448.1606746, -0.41170667766990166
3, 1750779448.1610851, -0.26412666141724195
3, 1750779448.161501, -0.1919723865078491
3, 1750779448.1619127, -0.06649535708077003
3, 1750779448.162323, 0.032393995580823454
3, 1750779448.1627326, 0.1067413823370762
3, 1750779448.1631403, 0.19289158980277143
3, 1750779448.1635497, 0.41188469867535416
3, 1750779448.1639628, 0.5420785596772859
3, 1750779448.1643717, 0.6100596560437963
3, 1750779448.1647804, 0.6949990270639734
3, 1750779448.1651897, 0.7561065826816034
3, 1750779448.1655986, 0.7904832379029312
3, 1750779448.1660073, 0.8205303621177369
3, 1750779448.1664166, 0.8412267735356846
3, 1750779448.1668305, 0.8605649475214001
3, 1750779448.1672385, 0.8627503014215909
3, 1750779448.1676471, 0.8436162211097877
3, 1750779448.168056, 0.7981170574253897
3, 1750779448.1684647, 0.7380800984481048
3, 1750779448.1688735, 0.5579698182813786
3, 1750779448.1692817, 0.4206619201838224
3, 1750779448.1696906, 0.34570881682224597
3, 1750779448.1700993, 0.190827379223645
3, 1750779448.1705081, 0.07992812835305596
3, 1750779448.1709177, -0.017205541300792326
3, 1750779448.1713285, -0.07540744750825557
3, 1750779448.1717386, -0.27814467428329515
3, 1750779448.1721478, -0.41903196962097855
3, 1750779448.172557, -0.49890957882208964
3, 1750779448.1729677, -0.5872260437038672
3, 1750779448.1733766, -0.6470971019754577
3, 1750779448.1737857, -0.7007970120542915
3, 1750779448.1741953, -0.7219684485144435
3, 1750779448.174605, -0.7499227174239596
3, 1750779448.1750133, -0.7700319119555645
3, 1750779448.1754222, -0.7792125466908288
3, 1750779448.1758313, -0.7718347394084528
3, 1750779448.1762419, -0.7340994900445044
3, 1750779448.176654, -0.6844981628675035
3, 1750779448.1770637, -0.5819267693636989
3, 1750779448.177473, -0.3891394075744281
3, 1750779448.1778822, -0.24848127004604903
3, 1750779448.178295, -0.16376449241876445
3, 1750779448.1787047, -0.03451173002431496
3, 1750779448.1791131, 0.06785258597993593
3, 1750779448.1795225, 0.11907293695027876
3, 1750779448.1799314, 0.2976131280641918
3, 1750779448.180341, 0.426331188903597
3, 1750779448.1807494, 0.5596467282921753
3, 1750779448.1811614, 0.6390254418459458
3, 1750779448.1815708, 0.7195248803108467
3, 1750779448.1819794, 0.772581477581268
3, 1750779448.1823895, 0.7982191042623459
3, 1750779448.1827998, 0.8245083984636334
3, 1750779448.1832082, 0.849656080974297
3, 1750779448.1836176, 0.8612255665185358
3, 1750779448.1840274, 0.8599646018022322
3, 1750779448.1844366, 0.8284219841756633
3, 1750779448.1848452, 0.785927532912746
3, 1750779448.1852546, 0.701602829974818
3, 1750779448.1856637, 0.537272213333174
3, 1750779448.1860728, 0.38493060812103197
3, 1750779448.1864822, 0.2828897388163729
3, 1750779448.1868947, 0.18958133363555163
3, 1750779448.1873038, 0.045178494926479296
3, 1750779448.1877127, -0.02724313076043572
3, 1750779448.1881232, -0.13150277281247646
3, 1750779448.1885328, -0.28841321184762814
3, 1750779448.1889424, -0.4519370020356792
3, 1750779448.189352, -0.521000630345102
3, 1750779448.189761, -0.6095486400966978
3, 1750779448.1901698, -0.6695969376114224
3, 1750779448.1905966, -0.7039288354481206
3, 1750779448.1910071, -0.7340971029839909
3, 1750779448.191417, -0.7549606086378899
3, 1750779448.1918273, -0.774501086002132
3, 1750779448.192236, -0.7771453522860605
3, 1750779448.1926446, -0.7616515392574807
3, 1750779448.1930537, -0.7139783602103316
3, 1750779448.1934624, -0.6597055556082365
3, 1750779448.1938713, -0.4792378131296
3, 1750779448.1942801, -0.3023775158521258
3, 1750779448.194694, -0.2197177876224261
3, 1750779448.195102, -0.1539530769427837
3, 1750779448.1955104, -0.005612781916545906
3, 1750779448.1959195, 0.09509252703076054
3, 1750779448.1963286, 0.1648651123127194
3, 1750779448.1967375, 0.3164995508477104
3, 1750779448.1971464, 0.46384205457926786
3, 1750779448.1975598, 0.545807744964641
3, 1750779448.197969, 0.6724054993028505
3, 1750779448.198378, 0.7353773491815936
3, 1750779448.1987867, 0.7854710075895222
3, 1750779448.1991959, 0.8084458682676909
3, 1750779448.1996047, 0.8348103548751564
3, 1750779448.200014, 0.8546181830169206
3, 1750779448.200425, 0.8627216566954279
3, 1750779448.2008338, 0.8533524441795901
3, 1750779448.201243, 0.8166991299934261
3, 1750779448.2016516, 0.7705142831765
3, 1750779448.202061, 0.62956969838649
3, 1750779448.2024693, 0.4327094145959074
3, 1750779448.2028797, 0.33000852305924067
3, 1750779448.203292, 0.23500888550454135
3, 1750779448.203701, 0.11558603830505287
3, 1750779448.2041104, 0.015045436533184464
3, 1750779448.2045197, -0.03950546061874416
3, 1750779448.2049284, -0.17304299663508615
3, 1750779448.2053378, -0.37907377015375054
3, 1750779448.2057464, -0.43648317227070166
3, 1750779448.2061577, -0.5522335268700331
3, 1750779448.2065668, -0.5923063052419137
3, 1750779448.206989, -0.6891941076628623
3, 1750779448.207399, -0.7164823866890868
3, 1750779448.207808, -0.7409103704549032
3, 1750779448.2082176, -0.7642265807865152
3, 1750779448.2086267, -0.7777898586247298
3, 1750779448.2090359, -0.7780279679109603
3, 1750779448.2094452, -0.7486730912450956
3, 1750779448.2098572, -0.7028433196795658
3, 1750779448.210266, -0.6056905535416091
3, 1750779448.2106755, -0.4183647862074307
3, 1750779448.2110846, -0.2605812797894336
3, 1750779448.2114937, -0.23476044621393788
3, 1750779448.2119026, -0.11486854162352911
3, 1750779448.2123117, 0.03054103985714951
3, 1750779448.2127242, 0.10500837640421024
3, 1750779448.2131338, 0.22489550687359205
3, 1750779448.2135432, 0.4080898692238759
3, 1750779448.213952, 0.533935102735176
3, 1750779448.2143605, 0.6100948651863716
3, 1750779448.21477, 0.6974726185211804
3, 1750779448.2151792, 0.7519560812135997
3, 1750779448.2155907, 0.792328435679936
3, 1750779448.2159996, 0.7793225364716445
3, 1750779448.2164083, 0.842113566516483
3, 1750779448.2168174, 0.8596357842164855
3, 1750779448.2172267, 0.8626333354564251
3, 1750779448.2176359, 0.8454303871001154
3, 1750779448.218045, 0.7973746816056635
3, 1750779448.2184563, 0.744435050300408
3, 1750779448.2188783, 0.5611159640382892
3, 1750779448.2192898, 0.3753698339989784
3, 1750779448.2196991, 0.2991527820954567
3, 1750779448.2201085, 0.194520161838168
3, 1750779448.2205176, 0.08777200920071015
3, 1750779448.2209272, -0.01958723092822634
3, 1750779448.221337, -0.04487992736509039
3, 1750779448.221746, -0.27229697279012965
3, 1750779448.222156, -0.41824662671200796
3, 1750779448.222565, -0.49585831872059405
3, 1750779448.222983, -0.5864729261118298
3, 1750779448.223393, -0.6554130240396745
3, 1750779448.223802, -0.6997019480436824
3, 1750779448.224212, -0.7247738413830394
3, 1750779448.224622, -0.7527460132464074
3, 1750779448.2250316, -0.7717774499561265
3, 1750779448.2254407, -0.7797884250397324
3, 1750779448.2258499, -0.7716580969304472
3, 1750779448.2262595, -0.7287954415833089
3, 1750779448.2266703, -0.682534208829948
3, 1750779448.2270787, -0.5879803548261615
3, 1750779448.227489, -0.33641640201078093
3, 1750779448.227898, -0.2476708630016855
3, 1750779448.2283075, -0.19670533074116836
3, 1750779448.2287166, -0.07592484287457602
3, 1750779448.2291257, 0.07177810699453335
3, 1750779448.2295346, 0.1230915533249064
3, 1750779448.2299442, 0.2920142776295678
3, 1750779448.2303555, 0.42852251045507206
3, 1750779448.2307658, 0.5665113175641294
3, 1750779448.2311747, 0.6367087996175074
3, 1750779448.2315843, 0.713575728745854
3, 1750779448.2319932, 0.7377333779085062
3, 1750779448.2324023, 0.7996250829048499
3, 1750779448.2328115, 0.8259525700743549
3, 1750779448.2332213, 0.8487454173883626
3, 1750779448.2336304, 0.861889766106442
3, 1750779448.2340395, 0.8600129397776324
3, 1750779448.2344487, 0.8305649677517377
3, 1750779448.2348578, 0.784149172830122
3, 1750779448.2352645, 0.7342602048612337
3, 1750779448.2356706, 0.5028836228092781
3, 1750779448.236077, 0.3840306863074088
3, 1750779448.2364845, 0.2862871226923387
3, 1750779448.2368915, 0.15883718775077815
3, 1750779448.2372973, 0.048405203975723676
3, 1750779448.2377043, -0.028179455246891028
3, 1750779448.2381105, -0.08738273333980473
3, 1750779448.238518, -0.29736767259923
3, 1750779448.238979, -0.4549727462438362
3, 1750779448.2393894, -0.5317435961865107
3, 1750779448.2397995, -0.6162359901255183
3, 1750779448.240209, -0.6694405851477823
3, 1750779448.2406209, -0.6704861176527344
3, 1750779448.2410305, -0.7340380232362795
3, 1750779448.2414396, -0.7583914113610462
3, 1750779448.2418492, -0.774864515965326
3, 1750779448.242258, -0.7760443206241676
3, 1750779448.2426686, -0.7591845122166863
3, 1750779448.2430773, -0.7100235977044427
3, 1750779448.2434876, -0.6519959469144714
3, 1750779448.2438965, -0.5073973692432849
3, 1750779448.2443058, -0.29582324444693775
3, 1750779448.244716, -0.22223912028990522
3, 1750779448.2451262, -0.10575593811290185
3, 1750779448.2455354, -0.04389944225913345
3, 1750779448.2459447, 0.09795580611681087
3, 1750779448.246355, 0.17580859123726977
3, 1750779448.2467651, 0.3630842303006627
3, 1750779448.2471743, 0.4714907932299366
3, 1750779448.2475863, 0.5818750357947189
3, 1750779448.2479954, 0.6747090126984641
3, 1750779448.2484052, 0.6990659814140012
3, 1750779448.2488143, 0.7842822514537549
3, 1750779448.249224, 0.8116719805518069
3, 1750779448.2496336, 0.8346510185858746
3, 1750779448.2500432, 0.817179525921786
3, 1750779448.2504532, 0.8623492752553079
3, 1750779448.2508638, 0.853146560210293
3, 1750779448.2512739, 0.8528052105568498
3, 1750779448.2516863, 0.7658469831073043
3, 1750779448.252096, 0.6576504815032265
3, 1750779448.2526412, 0.4123961263903908
3, 1750779448.2530744, 0.30111673613301226
3, 1750779448.2534943, 0.17434532314243922
3, 1750779448.2539048, 0.10633021116361041
3, 1750779448.2543163, -0.02078135795014946
3, 1750779448.2547307, -0.10692201717379035
3, 1750779448.2551556, -0.3068454963684366
3, 1750779448.255604, -0.4603048426660665
3, 1750779448.2560449, -0.5238865865060316
3, 1750779448.2564642, -0.6108054274571026
3, 1750779448.2568765, -0.6332449898150989
3, 1750779448.2572865, -0.7050692536084879
3, 1750779448.257697, -0.7350185083422363
3, 1750779448.2581878, -0.763195967409773
3, 1750779448.258603, -0.775331783060861
3, 1750779448.259013, -0.7777528591867691
3, 1750779448.2594228, -0.7529715904649417
3, 1750779448.2598326, -0.7027179990026025
3, 1750779448.260247, -0.63050404758037
3, 1750779448.260659, -0.462733079973515
3, 1750779448.2610695, -0.3097057916288448
3, 1750779448.2614794, -0.20646840824174895
3, 1750779448.26189, -0.11819610397947278
3, 1750779448.2623014, 0.028013142773258615
3, 1750779448.2627127, 0.1056128994792771
3, 1750779448.2631233, 0.21823560804067776
3, 1750779448.263533, 0.4050768020905977
3, 1750779448.2639434, 0.5302453039462955
3, 1750779448.2643533, 0.6073569067772846
3, 1750779448.2647629, 0.696520181376258
3, 1750779448.2651722, 0.7485103593622333
3, 1750779448.2655847, 0.7914010626704062
3, 1750779448.2659948, 0.7771956655540362
3, 1750779448.2664046, 0.8417519268486742
3, 1750779448.2668176, 0.8597843787334565
3, 1750779448.2672276, 0.863509983430041
3, 1750779448.267637, 0.8462586970983308
3, 1750779448.2680511, 0.7975005990477557
3, 1750779448.2684615, 0.7462056524363629
3, 1750779448.268871, 0.6113343463580532
3, 1750779448.269284, 0.4158525900140684
3, 1750779448.2696934, 0.30905550263608195
3, 1750779448.2701032, 0.19826307272347599
3, 1750779448.270513, 0.08663099427521459
3, 1750779448.2709234, -0.017229411905928416
3, 1750779448.2713332, -0.07912052013714366
3, 1750779448.271743, -0.2665447537175081
3, 1750779448.2721527, -0.4265989514490567
3, 1750779448.272563, -0.4947071587879157
3, 1750779448.2729726, -0.5799067194040741
3, 1750779448.273384, -0.6532473633887206
3, 1750779448.2737935, -0.6986301578730807
3, 1750779448.2742033, -0.724363266974702
3, 1750779448.2746181, -0.7100068882808475
3, 1750779448.2750275, -0.7716240813181285
3, 1750779448.2754376, -0.7806913306789975
3, 1750779448.27585, -0.7699489616027173
3, 1750779448.2762597, -0.7296691057312827
3, 1750779448.276678, -0.6828672037715937
3, 1750779448.2770975, -0.5783026147389421
3, 1750779448.277508, -0.38339136585770506
3, 1750779448.2779186, -0.24360510218191456
3, 1750779448.2783287, -0.19358484588477864
3, 1750779448.2787404, -0.031101814080652712
3, 1750779448.2791493, 0.040154329310502224
3, 1750779448.2795591, 0.1274688255417007
3, 1750779448.279969, 0.30055935750308915
3, 1750779448.2803795, 0.4682980997930106
3, 1750779448.2807903, 0.5693877254830046
3, 1750779448.2812, 0.6419883807084386
3, 1750779448.2816098, 0.7148790637862734
3, 1750779448.28202, 0.7397110575440151
3, 1750779448.2824297, 0.7994896172207038
3, 1750779448.2828414, 0.8280603445078545
3, 1750779448.2832506, 0.8506640172761601
3, 1750779448.283661, 0.8635052093090136
3, 1750779448.2840712, 0.8611861800200615
3, 1750779448.2844825, 0.8271944383065497
3, 1750779448.2848926, 0.7807386601213313
3, 1750779448.2853022, 0.7257401891231052
3, 1750779448.285716, 0.4764260408417824
3, 1750779448.2861261, 0.38185547741440073
3, 1750779448.286537, 0.27182929392665667
3, 1750779448.2869494, 0.1389517801423219
3, 1750779448.2873592, 0.03535753120844465
3, 1750779448.2877693, -0.03138945487254041
3, 1750779448.2881832, -0.13070668813119424
3, 1750779448.2885933, -0.3469206618008305
3, 1750779448.2890038, -0.45954456389248843
3, 1750779448.2894151, -0.5348855645875228
3, 1750779448.2898254, -0.62007438343137
3, 1750779448.290236, -0.6341156701374306
3, 1750779448.2906494, -0.7071251094758166
3, 1750779448.291059, -0.7345070806271998
3, 1750779448.291469, -0.7604920246130047
3, 1750779448.2918808, -0.7762448337073091
3, 1750779448.2922914, -0.7770982078409172
3, 1750779448.2927015, -0.7573566206284053
3, 1750779448.293115, -0.7450602751577782
3, 1750779448.2935257, -0.6455246258621308
3, 1750779449.8295598, 0.04443373204623935
3, 1750779449.8305185, 0.04394498140608194
3, 1750779449.83141, 0.04412818830050025
3, 1750779449.8320808, 0.04443373204623935
3, 1750779449.8325577, 0.044409861441103704
3, 1750779449.8331003, 0.04378862894244184
3, 1750779449.8335702, 0.04382980573630135
3, 1750779449.8341177, 0.044038076766112155
3, 1750779449.8346155, 0.04402912528918623
3, 1750779449.8351474, 0.04412341417947285
3, 1750779449.835617, 0.04424813809130779
3, 1750779449.8361733, 0.04407746326458639
3, 1750779449.8366394, 0.04418667128308318
3, 1750779449.837195, 0.04407328590868742
3, 1750779449.8376644, 0.04455069801140521
3, 1750779449.8382204, 0.04399212585122525
3, 1750779449.8386936, 0.044708244005302156
3, 1750779449.8392775, 0.044174735980515134
3, 1750779449.8397593, 0.044385990835967615
3, 1750779449.8403041, 0.044103720930235735
3, 1750779449.8407743, 0.044303040483120615
3, 1750779449.8413196, 0.04445521559086174
3, 1750779449.8417852, 0.04494038564024905
3, 1750779449.8423445, 0.04441403879700223
3, 1750779449.8428292, 0.04427379899182915
3, 1750779449.8433814, 0.04508898015721963
3, 1750779449.8439722, 0.0450221424628392
3, 1750779449.8444653, 0.04482879056123856
3, 1750779449.844939, 0.04507465779413833
3, 1750779449.84545, 0.04429826636209322
3, 1750779449.8464897, 0.04381667690347646
3, 1750779449.8473685, 0.04365316325829571
3, 1750779449.848347, 0.04480969407712987
3, 1750779449.8488927, 0.044584116858595646
3, 1750779449.849365, 0.043962884359933785
3, 1750779449.8499224, 0.04413415595178405
3, 1750779449.8503942, 0.04409417268818139
3, 1750779449.8509827, 0.04414430095896682
3, 1750779449.8514535, 0.0442123321836041
3, 1750779449.8520126, 0.04491054738382916
3, 1750779449.852484, 0.04435436228416245
3, 1750779449.8530402, 0.04408044709022807
3, 1750779449.8535137, 0.04396467465531906
3, 1750779449.8540678, 0.04421770306975947
3, 1750779449.8545413, 0.04479596847917655
3, 1750779449.855277, 0.0446491642575908
3, 1750779449.8557723, 0.04453756917858076
3, 1750779449.8563015, 0.04460201981244749
3, 1750779449.8567796, 0.044291701945680995
3, 1750779449.8573475, 0.04450892445241772
3, 1750779449.8578246, 0.044622309826813034
3, 1750779449.8583987, 0.04461335834988711
3, 1750779449.8589053, 0.04378624188192859
3, 1750779449.8595471, 0.0442075580625767
3, 1750779449.860236, 0.04383517662245717
3, 1750779449.8607576, 0.04475121109454694
3, 1750779449.861266, 0.04490040237664639
3, 1750779449.8617408, 0.04504243247720474
3, 1750779449.8623471, 0.04484609674996198
3, 1750779449.863337, 0.044067915022532045
3, 1750779449.864178, 0.044180703631798934
3, 1750779449.8650253, 0.045273977347022765
3, 1750779449.8660936, 0.04437047494262947
3, 1750779449.867458, 0.04411207564203323
3, 1750779449.8683474, 0.04387098253016086
3, 1750779449.8691905, 0.04383219279681505
3, 1750779449.870031, 0.044002867623536446
3, 1750779449.8706005, 0.04467422839298374
3, 1750779449.8713214, 0.044081043855356494
3, 1750779449.8717957, 0.044246347795922514
3, 1750779449.8723338, 0.04450236003600505
3, 1750779449.8728015, 0.04408880180202601
3, 1750779449.873358, 0.04461037452424499
3, 1750779449.8738277, 0.04437107170775789
3, 1750779449.8743842, 0.04443671587188147
3, 1750779449.8748608, 0.04473987255710732
3, 1750779449.8754025, 0.04465035778784765
3, 1750779449.8758683, 0.04428991165029572
3, 1750779449.8764262, 0.04418428422256948
3, 1750779449.8768985, 0.04415265567076432
3, 1750779449.8775406, 0.0452411552649612
3, 1750779449.8782206, 0.04474703373864797
3, 1750779449.8787081, 0.0444951988544644
3, 1750779449.879751, 0.04512776989056544
3, 1750779449.880614, 0.04398317437429933
3, 1750779449.8814557, 0.04417533274564356
3, 1750779449.8820744, 0.04463603542476635
3, 1750779449.8826587, 0.043761774511664076
3, 1750779449.883129, 0.044050608833808624
3, 1750779449.8836725, 0.0438936596050401
3, 1750779449.8841417, 0.04391096579376352
3, 1750779449.8846896, 0.044344814042108105
3, 1750779449.885156, 0.04408820503689759
3, 1750779449.8857074, 0.04458829421449462
3, 1750779449.8861766, 0.04423262219796964
3, 1750779449.886746, 0.04423441249335491
3, 1750779449.887477, 0.04420099364616448
3, 1750779449.8879573, 0.04454652065550668
3, 1750779449.8884988, 0.04410193063485046
3, 1750779449.88897, 0.04462410012219831
3, 1750779449.889517, 0.04436331376108882
3, 1750779449.889984, 0.04443194175085452
3, 1750779449.8905406, 0.0448055167212309
3, 1750779449.8910146, 0.04397123907173173
3, 1750779449.8915632, 0.044643793371435425
3, 1750779449.8920302, 0.04454234329960771
3, 1750779449.8925817, 0.044519666224728915
3, 1750779449.893049, 0.04471003430068743
3, 1750779449.8937361, 0.0446372289550232
3, 1750779449.8942215, 0.04489383796023372
3, 1750779449.8947256, 0.0450848028013211
3, 1750779449.895291, 0.04481088760738672
3, 1750779449.896062, 0.04445342529547647
3, 1750779449.8969223, 0.04403748000098373
3, 1750779449.897787, 0.04420875159283355
3, 1750779449.898629, 0.044573971851412875
3, 1750779449.8991354, 0.0445035535662619
3, 1750779449.8996053, 0.043814289842963206
3, 1750779449.9001625, 0.04367166297727598
3, 1750779449.9006357, 0.043881127537343634
3, 1750779449.9011822, 0.044152058905635894
3, 1750779449.901653, 0.044192042169238555
3, 1750779449.9022055, 0.044208154827705126
3, 1750779449.9026828, 0.04421650953950307
3, 1750779449.903413, 0.04345444047053926
3, 1750779449.904001, 0.044309008134404415
3, 1750779449.9044824, 0.04441940968315805
3, 1750779449.9050407, 0.044221880425658444
3, 1750779449.9055014, 0.044550101246276785
3, 1750779449.9060369, 0.04429945989235007
3, 1750779449.9064953, 0.044150865375379045
3, 1750779449.9070299, 0.04421770306975947
3, 1750779449.9074833, 0.04456740743500065
3, 1750779449.9079316, 0.04494217593563388
3, 1750779449.9083962, 0.04522742966700788
3, 1750779449.9088838, 0.043945578171210364
3, 1750779449.909417, 0.044606793933474886
3, 1750779449.909871, 0.04465274484836135
3, 1750779449.910422, 0.04411804329331748
3, 1750779449.910945, 0.044643196606307
3, 1750779449.9114416, 0.04518923669879049
3, 1750779449.911893, 0.04550552221684123
3, 1750779449.912535, 0.04432213696722931
3, 1750779449.9132376, 0.04370030770343902
3, 1750779449.91393, 0.04404106059175383
3, 1750779449.9146888, 0.04405956031073455
3, 1750779449.9152439, 0.04448266678676793
3, 1750779449.9156952, 0.04470705047504531
3, 1750779449.9162242, 0.04445879618163229
3, 1750779449.916679, 0.04426365398464638
3, 1750779449.9172778, 0.0438333863270719
3, 1750779449.9177415, 0.04422009013027317
3, 1750779449.9182677, 0.04384711192502477
3, 1750779449.9187236, 0.04485445146175948
3, 1750779449.9191737, 0.04416996185948774
3, 1750779449.919716, 0.04431378225543181
3, 1750779449.9201655, 0.0444265708646987
3, 1750779449.920627, 0.04467303486272689
3, 1750779449.9210782, 0.04402375440303041
3, 1750779449.9216073, 0.045008416864886325
3, 1750779449.92206, 0.044850274105860954
3, 1750779449.9225185, 0.04477388816942618
3, 1750779449.92297, 0.0442809601733698
3, 1750779449.9234254, 0.044591278040136295
3, 1750779449.9238758, 0.04464856749246238
3, 1750779449.9243665, 0.04384353133425467
3, 1750779449.9248817, 0.04450236003600505
3, 1750779449.9254057, 0.04462708394784043
3, 1750779449.9258604, 0.04491114414895714
3, 1750779449.926396, 0.044313185490303386
3, 1750779449.926942, 0.04442537733444185
3, 1750779449.927447, 0.04484311292431986
3, 1750779449.9279017, 0.045031690704893546
3, 1750779449.9284356, 0.04498156243410811
3, 1750779449.928998, 0.044438506167266745
3, 1750779449.9297009, 0.044127591535371824
3, 1750779449.9304814, 0.043728952429602064
3, 1750779449.9311805, 0.04404344765226753
3, 1750779449.931706, 0.044473118544713586
3, 1750779449.9321601, 0.04481685525867052
3, 1750779449.932618, 0.04502990040950827
3, 1750779449.9331212, 0.044050608833808624
3, 1750779449.9335952, 0.04371761389216289
3, 1750779449.9340506, 0.044515488868829944
3, 1750779449.9345632, 0.04407328590868742
3, 1750779449.9350493, 0.04432929814876996
3, 1750779449.9355736, 0.04397481966250183
3, 1750779449.9360235, 0.044390168191866586
3, 1750779449.9364722, 0.04409536621843824
3, 1750779449.9370043, 0.0444265708646987
3, 1750779449.9374547, 0.04436808788211577
3, 1750779449.9379218, 0.04482461320533959
3, 1750779449.9383729, 0.044390168191866586
3, 1750779449.9388335, 0.04480432319097405
3, 1750779449.9392858, 0.04477150110891248
3, 1750779449.939743, 0.04435674934467615
3, 1750779449.9401927, 0.04479537171404813
3, 1750779449.9406886, 0.04431557255081664
3, 1750779449.941202, 0.04427737958259925
3, 1750779449.9417212, 0.04470884077043058
3, 1750779449.942177, 0.044873547945868175
3, 1750779449.942713, 0.04468437340016651
3, 1750779449.943171, 0.04460619716834646
3, 1750779449.9437432, 0.044009432039949115
3, 1750779449.9442394, 0.04489324119510529
3, 1750779449.9447653, 0.04491054738382916
3, 1750779449.9452198, 0.04510210899004452
3, 1750779449.9458587, 0.0444808764913831
3, 1750779449.9465544, 0.04426007339387583
3, 1750779449.9472938, 0.04390619167273613
3, 1750779449.9479966, 0.044491618263693855
3, 1750779449.9484606, 0.04496485301051312
3, 1750779449.948951, 0.04430125018773534
3, 1750779449.94942, 0.04514746313980256
3, 1750779449.9499614, 0.04377609687474582
3, 1750779449.9504201, 0.04454950448114836
3, 1750779449.950958, 0.04389067577939798
3, 1750779449.9514184, 0.04441523232725908
3, 1750779449.951867, 0.04414191389845312
3, 1750779449.9524007, 0.0443436205118517
3, 1750779449.9528534, 0.04447789266574098
3, 1750779449.9533174, 0.04452384358062744
3, 1750779449.9537687, 0.04433108844415523
3, 1750779449.9542277, 0.04420039688103605
3, 1750779449.9546816, 0.044638422485279605
3, 1750779449.9551375, 0.04448386031702478
3, 1750779449.9555886, 0.045020352167453925
3, 1750779449.9560547, 0.04442478056931343
3, 1750779449.9565072, 0.04462887424322526
3, 1750779449.957066, 0.04415444596614959
3, 1750779449.9575334, 0.044479682961126255
3, 1750779449.9580667, 0.04446953795394348
3, 1750779449.9585252, 0.04496007888948572
3, 1750779449.9589753, 0.045072867498753055
3, 1750779449.959438, 0.04444745764419267
3, 1750779449.9598904, 0.04481685525867052
3, 1750779449.9604304, 0.044584116858595646
3, 1750779449.960892, 0.04469332487709243
3, 1750779449.9614258, 0.04507764161978001
3, 1750779449.9618785, 0.04521191377366973
3, 1750779449.9625237, 0.04437584582878484
3, 1750779449.9632335, 0.0434061024951391
3, 1750779449.9639301, 0.04450474709651875
3, 1750779449.9646945, 0.044595455396035266
3, 1750779449.9652593, 0.0445059406267756
3, 1750779449.965725, 0.04393662669428444
3, 1750779449.9662557, 0.04447669913548413
3, 1750779449.9667141, 0.044104914460492584
3, 1750779449.9672503, 0.04399391614661052
3, 1750779449.967707, 0.044255896037977305
3, 1750779449.9681563, 0.04393185257325749
3, 1750779449.9686925, 0.04479238788840645
3, 1750779449.9691439, 0.04444268352316527
3, 1750779449.9696062, 0.044303040483120615
3, 1750779449.9700568, 0.04455069801140521
3, 1750779449.9705138, 0.04440508732007631
3, 1750779449.9709866, 0.04388948224914113
3, 1750779449.9714627, 0.04433407226979735
3, 1750779449.9719176, 0.04490696679305861
3, 1750779449.972376, 0.04450773092216087
3, 1750779449.9728281, 0.04423978337951029
3, 1750779449.9733608, 0.044133559186655624
3, 1750779449.9738166, 0.04477687199506786
3, 1750779449.9742665, 0.044821629379697914
3, 1750779449.9748023, 0.04481566172841367
3, 1750779449.9752498, 0.04520176876648696
3, 1750779449.9757104, 0.044286331059525175
3, 1750779449.976162, 0.04452802093652641
3, 1750779449.976623, 0.044350184928263925
3, 1750779449.9771225, 0.04433347550466893
3, 1750779449.9775965, 0.04496903036641209
3, 1750779449.978053, 0.0455264089963352
3, 1750779449.978514, 0.045602794932769974
3, 1750779449.979158, 0.04509494780850387
3, 1750779449.9799583, 0.044536972413452336
3, 1750779449.980657, 0.04385845046246439
3, 1750779449.9813468, 0.0444289579252124
3, 1750779449.9819036, 0.044667067211442646
3, 1750779449.982353, 0.04424396073540926
3, 1750779449.98283, 0.044050608833808624
3, 1750779449.9832842, 0.04428573429439675
3, 1750779449.983743, 0.04422725131181382
3, 1750779449.9841945, 0.04417891333641366
3, 1750779449.9846551, 0.04377788717013065
3, 1750779449.9851096, 0.044256492803105285
3, 1750779449.9855893, 0.043833983092200324
3, 1750779449.9860437, 0.04452861770165484
3, 1750779449.9865923, 0.04422426748617214
3, 1750779449.987073, 0.04431855637645876
3, 1750779449.987619, 0.04446655412830136
3, 1750779449.988075, 0.044775081699682584
3, 1750779449.9886055, 0.04467303486272689
3, 1750779449.9890637, 0.04459068127500787
3, 1750779449.9895163, 0.04458352009346722
3, 1750779449.98998, 0.04466288985554412
3, 1750779449.9904315, 0.04459187480526472
3, 1750779449.9909923, 0.0445011665057482
3, 1750779449.9914446, 0.044902192672031216
3, 1750779449.9919047, 0.0448598223479153
3, 1750779449.9923587, 0.04386203105323494
3, 1750779449.9928164, 0.044825209970468016
3, 1750779449.9932697, 0.04507048043823936
3, 1750779449.9937558, 0.044274992522086
3, 1750779449.9942229, 0.045332460329605695
3, 1750779449.9947581, 0.0449535144730735
3, 1750779449.9953544, 0.04514686637467413
3, 1750779449.9960716, 0.044292895475937843
3, 1750779449.9968162, 0.04381190278244951
3, 1750779449.9975114, 0.04381488660809163
3, 1750779449.9981449, 0.044020770577388735
3, 1750779449.9986281, 0.044357346109804574
3, 1750779449.9991486, 0.04482103261456949
3, 1750779449.9996011, 0.04426544428003165
3, 1750779450.00006, 0.04386083752297809
3, 1750779450.0005147, 0.0443472011026218
3, 1750779450.000972, 0.04411028534664796
3, 1750779450.0014236, 0.043998093502509494
3, 1750779450.0018923, 0.04392886874761537
3, 1750779450.0023456, 0.044531601527296516
3, 1750779450.0029683, 0.044371668472886316
3, 1750779450.0034382, 0.04383517662245717
3, 1750779450.0039835, 0.044272008696443876
3, 1750779450.004439, 0.044968433601283664
3, 1750779450.004972, 0.04488428971817937
3, 1750779450.0054305, 0.04458172979808195
3, 1750779450.0058813, 0.04495649829871562
3, 1750779450.006342, 0.04452861770165484
3, 1750779450.0068002, 0.043814289842963206
3, 1750779450.0073314, 0.04442179674367175
3, 1750779450.0077827, 0.044968433601283664
3, 1750779450.00824, 0.04513314077672126
3, 1750779450.008692, 0.044791791123278024
3, 1750779450.0091503, 0.04428573429439675
3, 1750779450.009603, 0.045157011381856904
3, 1750779450.0101023, 0.0448705641202265
3, 1750779450.0106335, 0.044924869746910456
3, 1750779450.011227, 0.04511941517876794
3, 1750779450.0116928, 0.04511643135312582
3, 1750779450.012291, 0.04428871812003887
3, 1750779450.0129879, 0.04464021278066488
3, 1750779450.0136914, 0.043878740476829936
3, 1750779450.0143964, 0.04368001768907348
3, 1750779450.0149465, 0.04461574541040081
3, 1750779450.0154848, 0.04466885750682792
3, 1750779450.0159376, 0.04525368733265722
3, 1750779450.0163994, 0.04428513752926877
3, 1750779450.0168536, 0.044356152579547725
3, 1750779450.0173132, 0.044122220649216004
3, 1750779450.0177662, 0.04426842810567333
3, 1750779450.0182323, 0.04397362613224498
3, 1750779450.0186877, 0.04475180785967536
3, 1750779450.0192769, 0.04346756930336415
3, 1750779450.0197413, 0.04452921446678326
3, 1750779450.0202675, 0.04409596298356666
3, 1750779450.0207198, 0.04470048605863308
3, 1750779450.0211692, 0.04431736284620191
3, 1750779450.021714, 0.044385990835967615
3, 1750779450.0221655, 0.044937401814606925
3, 1750779450.0226343, 0.0446348418945095
3, 1750779450.0230885, 0.04421650953950307
3, 1750779450.0236175, 0.04461574541040081
3, 1750779450.0240698, 0.04457337508628445
3, 1750779450.02453, 0.04471838901248493
3, 1750779450.024984, 0.045168349919296524
3, 1750779450.025442, 0.044860419113043726
3, 1750779450.0258942, 0.044643196606307
3, 1750779450.0263608, 0.04423858984925344
3, 1750779450.0269713, 0.04439076495699501
3, 1750779450.0274658, 0.04471063106581585
3, 1750779450.0279377, 0.045360508290640755
3, 1750779450.028415, 0.04534618592755901
3, 1750779450.0289514, 0.04430960489953284
3, 1750779450.0296557, 0.044297669596964795
3, 1750779450.0304391, 0.043663308265478484
3, 1750779450.0311391, 0.04384233780399782
3, 1750779450.0316806, 0.04477627522993943
3, 1750779450.0321352, 0.044713614891457976
3, 1750779450.0325937, 0.044732114610438245
3, 1750779450.0330732, 0.04400107732815162
3, 1750779450.0335462, 0.04397004554147488
3, 1750779450.0340025, 0.0443519752236492
3, 1750779450.034517, 0.043667485621377455
3, 1750779450.0349717, 0.04432333049748616
3, 1750779450.03551, 0.04450474709651875
3, 1750779450.0359695, 0.044243363970280836
3, 1750779450.0364213, 0.044360329935446696
3, 1750779450.0368814, 0.04456203654884483
3, 1750779450.0373344, 0.0440643344317615
3, 1750779450.0378647, 0.04439792613853566
3, 1750779450.0383186, 0.04438778113135289
3, 1750779450.0387821, 0.044390168191866586
3, 1750779450.039236, 0.04465930926477357
3, 1750779450.0396943, 0.044415829092387504
3, 1750779450.0401468, 0.04455606889756103
3, 1750779450.0406103, 0.04452742417139799
3, 1750779450.0410624, 0.0444206032134149
3, 1750779450.0415134, 0.04459366510064999
3, 1750779450.0420525, 0.04466527691605782
3, 1750779450.0425043, 0.044591278040136295
3, 1750779450.042978, 0.04474584020839112
3, 1750779450.0434313, 0.04502393275822447
3, 1750779450.0439427, 0.04416160714769024
3, 1750779450.0444024, 0.045236977909062226
3, 1750779450.0448673, 0.0452990414824157
3, 1750779450.0453234, 0.045436297461947106
3, 1750779450.046093, 0.04414310742870997
3, 1750779450.0467975, 0.04388948224914113
3, 1750779450.0474918, 0.044437312637009896
3, 1750779450.0481734, 0.04423441249335491
3, 1750779450.0486274, 0.045054367779772786
3, 1750779450.0492134, 0.044414635562130655
3, 1750779450.049678, 0.044298863127221644
3, 1750779450.0501478, 0.044340039921081154
3, 1750779450.0506318, 0.043740290967041684
3, 1750779450.0511477, 0.04462350335706988
3, 1750779450.0516016, 0.044319153141587186
3, 1750779450.0520637, 0.045020352167453925
3, 1750779450.0525188, 0.04414251066358155
3, 1750779450.0529792, 0.044492811793950704
3, 1750779450.0534325, 0.04445044146983479
3, 1750779450.0538898, 0.04420517100206345
3, 1750779450.0543454, 0.04480074260020395
3, 1750779450.0548885, 0.043891272544526405
3, 1750779450.0553474, 0.045001852448473656
3, 1750779450.0557995, 0.04415922008717654
3, 1750779450.0563388, 0.04464618043194912
3, 1750779450.0569553, 0.043934239633770744
3, 1750779450.0574248, 0.04445760265137544
3, 1750779450.0579638, 0.044720776072998625
3, 1750779450.058424, 0.04514030195826191
3, 1750779450.0589585, 0.044390168191866586
3, 1750779450.059415, 0.04511702811825424
3, 1750779450.0598652, 0.044576955677055
3, 1750779450.0604124, 0.044555472132432605
3, 1750779450.0608764, 0.0453157509060107
3, 1750779450.06134, 0.045430926575791286
3, 1750779450.0617933, 0.04478164611609525
3, 1750779450.0625153, 0.044454618825733316
3, 1750779450.0632215, 0.04348726255260127
3, 1750779450.0639195, 0.04400048056302319
3, 1750779450.0646253, 0.04484072586380661
3, 1750779450.065117, 0.04433944315595273
3, 1750779450.0655863, 0.04427976664311295
3, 1750779450.0661116, 0.045291880300875054
3, 1750779450.066567, 0.043992722616353674
3, 1750779450.0671213, 0.04386083752297809
3, 1750779450.067577, 0.04462350335706988
3, 1750779450.0681067, 0.04411744652818905
3, 1750779450.0685666, 0.04433705609543903
3, 1750779450.0690184, 0.04442955469034082
3, 1750779450.06948, 0.04394856199685249
3, 1750779450.0699327, 0.04385845046246439
3, 1750779450.0704682, 0.04450773092216087
3, 1750779450.0709233, 0.04440508732007631
3, 1750779450.0713844, 0.04449639238472125
3, 1750779450.07184, 0.04484251615919188
3, 1750779450.0722983, 0.04471838901248493
3, 1750779450.0727508, 0.04432571755799941
3, 1750779450.0732174, 0.04409715651382351
3, 1750779450.07367, 0.044597842456548964
3, 1750779450.0741994, 0.04450534386164717
3, 1750779450.0746634, 0.04513194724646441
3, 1750779450.075115, 0.04486399970381383
3, 1750779450.0755787, 0.04444507058367897
3, 1750779450.0760334, 0.04411028534664796
3, 1750779450.0765653, 0.04456740743500065
3, 1750779450.0770266, 0.04471003430068743
3, 1750779450.0776145, 0.044978578608466435
3, 1750779450.078071, 0.04507465779413833
3, 1750779450.0786316, 0.045883871308245006
3, 1750779450.0794234, 0.04419144540411013
3, 1750779450.0801213, 0.04415384920102117
3, 1750779450.0809488, 0.04404106059175383
3, 1750779450.0815744, 0.044138930072811
3, 1750779450.0820396, 0.04480253289558922
3, 1750779450.0825045, 0.044020770577388735
3, 1750779450.0829663, 0.04431676608107349
3, 1750779450.0834308, 0.043919917270689446
3, 1750779450.0838845, 0.04400644821430699
3, 1750779450.0844188, 0.044109091816391555
3, 1750779450.0848773, 0.044562633313973254
3, 1750779450.0854084, 0.04431557255081664
3, 1750779450.085867, 0.04449042473343745
3, 1750779450.0863183, 0.044250525151821485
3, 1750779450.0867867, 0.04420517100206345
3, 1750779450.0872402, 0.04390917549837825
3, 1750779450.087767, 0.04458172979808195
3, 1750779450.0882185, 0.043949755527109335
3, 1750779450.0886803, 0.04492248268639676
3, 1750779450.089213, 0.04422665454668584
3, 1750779450.0896857, 0.044373458768271146
3, 1750779450.090142, 0.044607987463731735
3, 1750779450.0906332, 0.044445667348807394
3, 1750779450.0910904, 0.044115059467675355
3, 1750779450.0915508, 0.04424097690976714
3, 1750779450.092005, 0.045011400690528
3, 1750779450.0925415, 0.04438658760109604
3, 1750779450.0930026, 0.044974401252567464
3, 1750779450.093632, 0.044337652860567456
3, 1750779450.0941117, 0.04497022389666849
