5, 1750779448.5021152, -1.2358989964994533
5, 1750779448.502592, -1.242693167486257
5, 1750779448.5030005, -1.2407882931964125
5, 1750779448.5034084, -1.2408312602856573
5, 1750779448.503816, -1.2409476294856947
5, 1750779448.5042238, -1.2400280144228344
5, 1750779448.5046315, -1.238935337472739
5, 1750779448.5050383, -1.239573876160124
5, 1750779448.505445, -1.239268929179513
5, 1750779448.5058522, -1.2394604907857285
5, 1750779448.506263, -1.23918060794051
5, 1750779448.5066712, -1.2399707249705083
5, 1750779448.5070758, -1.2392671388841279
5, 1750779448.5074809, -1.2389216118747857
5, 1750779448.5078852, -1.2394157334010987
5, 1750779448.5082934, -1.238987852804038
5, 1750779448.5086975, -1.2395649246831981
5, 1750779448.5091019, -1.2388887897927239
5, 1750779448.5095074, -1.2387049861331776
5, 1750779448.509911, -1.2382705411197044
5, 1750779448.5103161, -1.2354436647064861
5, 1750779448.5107284, -1.2364444398268084
5, 1750779448.511137, -1.2367052261879181
5, 1750779448.511545, -1.2386673899300884
5, 1750779448.5119576, -1.239632359142707
5, 1750779448.512368, -1.2373992640322442
5, 1750779448.5127764, -1.238600552235708
5, 1750779448.5131845, -1.2378635473021373
5, 1750779448.5135968, -1.2384931345125965
5, 1750779448.514005, -1.2383564752981935
5, 1750779448.514412, -1.2383021696715093
5, 1750779448.5148208, -1.238836274461425
5, 1750779448.5152292, -1.2386572449229056
5, 1750779448.5156374, -1.2397905019017323
5, 1750779448.5160449, -1.2383743782520453
5, 1750779448.5164523, -1.2385862298726265
5, 1750779448.5168622, -1.2388517903547633
5, 1750779448.5172698, -1.2390940769968926
5, 1750779448.5176775, -1.2398871778525327
5, 1750779448.518085, -1.2396974065417024
5, 1750779448.518495, -1.239330395987738
5, 1750779448.518903, -1.242576201521091
5, 1750779448.519311, -1.2420241937773235
5, 1750779448.5197191, -1.240512587707093
5, 1750779448.5201285, -1.2408676629584894
5, 1750779448.5205357, -1.2410496763226506
5, 1750779448.5209436, -1.2405161682978634
5, 1750779448.5213513, -1.2394211042872543
5, 1750779448.521761, -1.23913226996511
5, 1750779448.5221686, -1.2398030339694286
5, 1750779448.5225885, -1.2406564081030367
5, 1750779448.522998, -1.2393292024574811
5, 1750779448.5234053, -1.2389848689783958
5, 1750779448.5238128, -1.2393596374790294
5, 1750779448.524222, -1.2390069492881466
5, 1750779448.5246296, -1.2398662910730387
5, 1750779448.525037, -1.2389836754481391
5, 1750779448.5254445, -1.2389699498501858
5, 1750779448.525852, -1.2387730173578149
5, 1750779448.5262613, -1.2387682432367877
5, 1750779448.5266695, -1.238504473050036
5, 1750779448.5270832, -1.238914450693245
5, 1750779448.5275013, -1.2416989567823469
5, 1750779448.5279176, -1.2438908750989504
5, 1750779448.528332, -1.2425541212113402
5, 1750779448.5287437, -1.242387026975389
5, 1750779448.5291677, -1.2426030559518688
5, 1750779448.5296469, -1.2467601218362847
5, 1750779448.5303893, -1.2447836357310327
5, 1750779448.5308473, -1.2433161902803036
5, 1750779448.531286, -1.2389860625086526
5, 1750779448.531695, -1.2385546013208213
5, 1750779448.5321114, -1.2392904127241353
5, 1750779448.5325243, -1.2383517011771663
5, 1750779448.5330572, -1.2464444330833624
5, 1750779448.5335088, -1.2453690623219904
5, 1750779448.533923, -1.2431198545530608
5, 1750779448.5343592, -1.239881806966377
5, 1750779448.5347703, -1.2414626377915015
5, 1750779448.5351865, -1.2412865920786245
5, 1750779448.5355973, -1.243976212512311
5, 1750779448.5360558, -1.245906150937548
5, 1750779448.5364628, -1.2421680141732672
5, 1750779448.536871, -1.2434808974557414
5, 1750779448.5373366, -1.2422390292235466
5, 1750779448.537746, -1.240837227936941
5, 1750779448.5381608, -1.2410574342693197
5, 1750779448.5385892, -1.2400518850279703
5, 1750779448.5390434, -1.2399414834792168
5, 1750779448.5394487, -1.2390147072348157
5, 1750779448.539858, -1.2398275013396929
5, 1750779448.5403197, -1.2395643279180697
5, 1750779448.540727, -1.2386918573003527
5, 1750779448.5411394, -1.2402458336946993
5, 1750779448.5415475, -1.2393363636390218
5, 1750779448.5419576, -1.2399408867140884
5, 1750779448.542422, -1.2386256163711007
5, 1750779448.5428312, -1.239088706110737
5, 1750779448.5432458, -1.238334991753571
5, 1750779448.543659, -1.2394032013334024
5, 1750779448.5440738, -1.236514261346831
5, 1750779448.5444825, -1.2369892863890353
5, 1750779448.5448928, -1.237534132951262
5, 1750779448.5453112, -1.2373258619214513
5, 1750779448.545721, -1.2377018239523416
5, 1750779448.5461345, -1.2392122364923153
5, 1750779448.5465434, -1.237670792165665
5, 1750779448.5470078, -1.2391698661681991
5, 1750779448.5474186, -1.2385802622213424
5, 1750779448.5478263, -1.238225186969946
5, 1750779448.5482395, -1.2389848689783958
5, 1750779448.548648, -1.2385247630644016
5, 1750779448.5490625, -1.2397791633642927
5, 1750779448.5494707, -1.2388523871198915
5, 1750779448.5498781, -1.2382967987853537
5, 1750779448.5503008, -1.239015303999944
5, 1750779448.5507102, -1.239362024539543
5, 1750779448.5511236, -1.240303719912154
5, 1750779448.5515335, -1.2396801003529787
5, 1750779448.5519958, -1.2427134575006225
5, 1750779448.552406, -1.2427492634083261
5, 1750779448.5528133, -1.2422491742307293
5, 1750779448.5532808, -1.2403705576065345
5, 1750779448.5536916, -1.2406546178076516
5, 1750779448.5541065, -1.2412913661996516
5, 1750779448.5545168, -1.2389281762911981
5, 1750779448.5549748, -1.240491700927599
5, 1750779448.5553875, -1.2405776351060884
5, 1750779448.555795, -1.2394652649067557
5, 1750779448.556208, -1.2396538426873294
5, 1750779448.556617, -1.2387467596921653
5, 1750779448.5570288, -1.2402870104885588
5, 1750779448.5574374, -1.2391215281927987
5, 1750779448.5578446, -1.2397881148412186
5, 1750779448.5582714, -1.2396126658934699
5, 1750779448.5586827, -1.238980691622497
5, 1750779448.5590944, -1.239256993876945
5, 1750779448.5595038, -1.2387610820552468
5, 1750779448.5599656, -1.2395076352308718
5, 1750779448.5603838, -1.2356877416440006
5, 1750779448.560792, -1.235767708171206
5, 1750779448.5612574, -1.237839079931873
5, 1750779448.5616663, -1.237367635480439
5, 1750779448.5620809, -1.2376910821800304
5, 1750779448.562492, -1.237411199334812
5, 1750779448.5629544, -1.2393053318523453
5, 1750779448.5633652, -1.2381565589801804
5, 1750779448.5637724, -1.2383093308530502
5, 1750779448.564185, -1.238845225938351
5, 1750779448.564595, -1.2381607363360791
5, 1750779448.5650086, -1.2397003903673443
5, 1750779448.5654182, -1.2389341439424821
5, 1750779448.5658255, -1.2385002956941373
5, 1750779448.5662458, -1.2384316677043716
5, 1750779448.56666, -1.2390200781209713
5, 1750779448.5670726, -1.239797663083273
5, 1750779448.567482, -1.238980691622497
5, 1750779448.567946, -1.2402100277869956
5, 1750779448.568358, -1.2399361125930612
5, 1750779448.5687654, -1.2427743275437189
5, 1750779448.5692306, -1.242606039777511
5, 1750779448.5696394, -1.2400387561951456
5, 1750779448.5700543, -1.2416285384971961
5, 1750779448.5704656, -1.2410323701339272
5, 1750779448.5709388, -1.2409911933400677
5, 1750779448.5713491, -1.2393829113190369
5, 1750779448.5717568, -1.2398895649130461
5, 1750779448.5722198, -1.2396275850216798
5, 1750779448.5726285, -1.2391621082215298
5, 1750779448.573043, -1.239734405979663
5, 1750779448.5734537, -1.238873870664514
5, 1750779448.5739157, -1.2399504349561428
5, 1750779448.574327, -1.239516586707798
5, 1750779448.5747366, -1.2394109592800715
5, 1750779448.5751984, -1.2390254490071269
5, 1750779448.575608, -1.2385772783957005
5, 1750779448.5760226, -1.2401151421315804
5, 1750779448.5764327, -1.2379960291606416
5, 1750779448.576896, -1.238716324670617
5, 1750779448.5773118, -1.2354579870695677
5, 1750779448.5777242, -1.2373998607973726
5, 1750779448.5781877, -1.2375287620651063
5, 1750779448.5785995, -1.2366616623335451
5, 1750779448.5790133, -1.2381977357740397
5, 1750779448.5794227, -1.2386387452039254
5, 1750779448.579887, -1.239001578401991
5, 1750779448.5802999, -1.238163720161721
5, 1750779448.5807078, -1.2391185443671568
5, 1750779448.58118, -1.2386429225598241
5, 1750779448.5815897, -1.238872677134257
5, 1750779448.5820034, -1.2393602342441579
5, 1750779448.5824132, -1.2383803459033293
5, 1750779448.5828784, -1.2393280089272243
5, 1750779448.5832887, -1.2388297100450125
5, 1750779448.5836966, -1.2390994478830482
5, 1750779448.5841095, -1.23857369780493
5, 1750779448.584519, -1.2392188009087277
5, 1750779448.5849311, -1.2414345898304668
5, 1750779448.5853403, -1.2413755100827555
5, 1750779448.5857475, -1.2428560843663092
5, 1750779448.5861719, -1.241122481668315
5, 1750779448.5865936, -1.241245415284765
5, 1750779448.5870078, -1.241933485477807
5, 1750779448.5874178, -1.2399170161089526
5, 1750779448.5878766, -1.2397648410012112
5, 1750779448.588288, -1.2400894812310592
5, 1750779448.5886962, -1.2401515448044127
5, 1750779448.5891554, -1.2393656051303132
5, 1750779448.589565, -1.238801662083978
5, 1750779448.5899792, -1.23969084212529
5, 1750779448.5903893, -1.2399593864330687
5, 1750779448.5908542, -1.2399874343941033
5, 1750779448.5912647, -1.2390910931712507
5, 1750779448.5916731, -1.2396872615345196
5, 1750779448.592136, -1.2393274121620959
5, 1750779448.5925436, -1.2383355885186995
5, 1750779448.5929592, -1.2391949303035916
5, 1750779448.5933695, -1.2379447073595993
5, 1750779448.5938315, -1.236284506772398
5, 1750779448.594243, -1.2353845849587748
5, 1750779448.594655, -1.2381655104571063
5, 1750779448.5951185, -1.2369140939828571
5, 1750779448.5955288, -1.2370913332259912
5, 1750779448.5959435, -1.238466876846947
5, 1750779448.5963545, -1.2386494869762366
5, 1750779448.5968182, -1.2393644116000566
5, 1750779448.597231, -1.2382962020202253
5, 1750779448.5976393, -1.2389198215794006
5, 1750779448.5981085, -1.2386691802254737
5, 1750779448.598521, -1.2388822253763114
5, 1750779448.5989344, -1.2396150529539833
5, 1750779448.5993433, -1.238576681630572
5, 1750779448.5998068, -1.2392378973928364
5, 1750779448.600217, -1.2384531512489938
5, 1750779448.6006248, -1.2391149637763865
5, 1750779448.601038, -1.2398668878381671
5, 1750779448.6014476, -1.2395309090708795
5, 1750779448.6018608, -1.2413247850468418
5, 1750779448.602271, -1.2425952980051997
5, 1750779448.602681, -1.2423166086902382
5, 1750779448.603099, -1.2401121583059385
5, 1750779448.6035082, -1.241080111344199
5, 1750779448.603925, -1.241468008677657
5, 1750779448.604335, -1.2398913552084314
5, 1750779448.6047983, -1.2403556384783245
5, 1750779448.6052098, -1.2394306525293086
5, 1750779448.6056185, -1.2397272447981222
5, 1750779448.6060817, -1.239301751261575
5, 1750779448.6064913, -1.2390666258009864
5, 1750779448.606907, -1.2396872615345196
5, 1750779448.6073196, -1.2393262186318392
5, 1750779448.6077824, -1.2397725989478803
5, 1750779448.6081936, -1.2395583602667857
5, 1750779448.6086009, -1.239716503025811
5, 1750779448.6090674, -1.238336185283828
5, 1750779448.6094775, -1.23849552157311
5, 1750779448.6098928, -1.2393715727815973
5, 1750779448.6103034, -1.2362618296975187
5, 1750779448.6107664, -1.2359216735743324
5, 1750779448.6111763, -1.2367708703520417
5, 1750779448.6115842, -1.237379570783007
5, 1750779448.6119983, -1.2372124765470558
5, 1750779448.612408, -1.2373318295727354
5, 1750779448.6128216, -1.2395607473272994
5, 1750779448.613232, -1.2380354156591158
5, 1750779448.6136396, -1.238277702301245
5, 1750779448.614056, -1.2387419855711381
5, 1750779448.614466, -1.2381750586991607
5, 1750779448.6148918, -1.2396108755980846
5, 1750779448.6153026, -1.2391686726379423
5, 1750779448.6157606, -1.2391495761538336
5, 1750779448.616169, -1.2384304741741148
5, 1750779448.616577, -1.2391107864204878
5, 1750779448.6170409, -1.2390379810748233
5, 1750779448.6174507, -1.2386482934459797
5, 1750779448.617866, -1.2402297210362327
5, 1750779448.6182773, -1.2396210206052674
5, 1750779448.6187384, -1.2430846454104856
5, 1750779448.6191509, -1.242398962277957
5, 1750779448.619559, -1.2408622920723338
5, 1750779448.6200225, -1.2413134465094022
5, 1750779448.6204321, -1.2409040656313217
5, 1750779448.6208475, -1.2411648519924312
5, 1750779448.6212575, -1.2393990239775037
5, 1750779448.6217194, -1.2407471164025532
5, 1750779448.6221309, -1.239590585583719
5, 1750779448.6225398, -1.2397743892432656
5, 1750779448.623006, -1.2391495761538336
5, 1750779448.6234167, -1.238872677134257
5, 1750779448.6238313, -1.2402309145664894
5, 1750779448.6242416, -1.2391704629333273
5, 1750779448.6247058, -1.2398943390340733
5, 1750779448.625119, -1.2393053318523453
5, 1750779448.6255279, -1.2394151366359702
5, 1750779448.6259906, -1.238762872350632
5, 1750779448.6263993, -1.2376314056671907
5, 1750779448.626815, -1.2383403626397267
5, 1750779448.627225, -1.2352837316520757
5, 1750779448.6276882, -1.2379309817616462
5, 1750779448.6280987, -1.2376898886497736
5, 1750779448.6285071, -1.2366813555827822
5, 1750779448.6289217, -1.2383964585617961
5, 1750779448.6293323, -1.238243089923798
5, 1750779448.6297476, -1.239423491347768
5, 1750779448.6301591, -1.2382586058171363
5, 1750779448.6305678, -1.2401676574628793
5, 1750779448.6310542, -1.2389693530850576
5, 1750779448.6314635, -1.2385217792387595
5, 1750779448.6318781, -1.2389765142665983
5, 1750779448.6322887, -1.2386721640511156
5, 1750779448.632702, -1.2395816341067931
5, 1750779448.6331127, -1.2385772783957005
5, 1750779448.6335208, -1.2387461629270369
5, 1750779448.6339355, -1.2385575851464634
5, 1750779448.6343443, -1.2393417345251774
5, 1750779448.6347573, -1.2423333181138332
5, 1750779448.6351666, -1.2396049079468008
5, 1750779448.6355748, -1.2434999939398501
5, 1750779448.6360419, -1.2419734687414097
5, 1750779448.6364555, -1.2410896595862533
5, 1750779448.6368706, -1.241831438640851
5, 1750779448.6372833, -1.2410622083903469
5, 1750779448.6376965, -1.2408992915102945
5, 1750779448.6381059, -1.2408318570507857
5, 1750779448.638515, -1.2417926489075053
5, 1750779448.6389325, -1.241114723721646
5, 1750779448.6393425, -1.2403944282116703
5, 1750779448.6397574, -1.2417705685977547
5, 1750779448.640168, -1.2407417455163976
5, 1750779448.640632, -1.2398269045745645
5, 1750779448.6410437, -1.2389424986542796
5, 1750779448.6414528, -1.239911645222797
5, 1750779448.641917, -1.2392725097702835
5, 1750779448.6423264, -1.238638148438797
5, 1750779448.6427436, -1.239733212449406
5, 1750779448.643154, -1.2381112048304221
5, 1750779448.6436155, -1.2372297827357792
5, 1750779448.6440291, -1.2351148471207392
5, 1750779448.644438, -1.2361723149282593
5, 1750779448.644854, -1.238420329166932
5, 1750779448.6452646, -1.2367446126863924
5, 1750779448.6456776, -1.2383755717823022
5, 1750779448.6460867, -1.2386435193249525
5, 1750779448.6464949, -1.2372411212732188
5, 1750779448.6469176, -1.239037384309695
5, 1750779448.647327, -1.2389275795260697
5, 1750779448.6477401, -1.239165092047172
5, 1750779448.6481502, -1.2385999554705796
5, 1750779448.6486132, -1.2399289514115204
5, 1750779448.6490269, -1.2387760011834568
5, 1750779448.6494353, -1.2391847852964089
5, 1750779448.6499026, -1.2385516174951794
5, 1750779448.650314, -1.2391686726379423
5, 1750779448.6507292, -1.2403556384783245
5, 1750779448.6511407, -1.239294590080034
5, 1750779448.6515489, -1.24051378123735
5, 1750779448.6520157, -1.2420546287988716
5, 1750779448.652424, -1.2426669098206073
5, 1750779448.6528375, -1.2415992970059047
5, 1750779448.6532483, -1.2407292134487014
5, 1750779448.6536613, -1.2420886444111903
5, 1750779448.6540706, -1.240270897830092
5, 1750779448.6544788, -1.239432442824694
5, 1750779448.6549096, -1.2398000501437867
5, 1750779448.655319, -1.2395810373416647
5, 1750779448.6557317, -1.2399862408638467
5, 1750779448.6561418, -1.2391453987979348
5, 1750779448.6566057, -1.239609682067828
5, 1750779448.657017, -1.2392910094892637
5, 1750779448.6574259, -1.239605504711929
5, 1750779448.6578386, -1.2394485554831607
5, 1750779448.6582491, -1.2394772002093237
5, 1750779448.6586645, -1.2405949412948118
5, 1750779448.6590745, -1.2385904072285252
5, 1750779448.6594837, -1.2389920301599366
5, 1750779448.6599064, -1.238364830009991
5, 1750779448.6603162, -1.2359568827169078
5, 1750779448.6607304, -1.2359485280051103
5, 1750779448.6611407, -1.2363984889119217
5, 1750779448.6616051, -1.2384418127115542
5, 1750779448.6620176, -1.2370573176136725
5, 1750779448.6624265, -1.237962013548323
5, 1750779448.662915, -1.2393751533723678
5, 1750779448.6633315, -1.2384257000530876
5, 1750779448.663746, -1.238801662083978
5, 1750779448.664158, -1.238471650967974
5, 1750779448.664571, -1.2388458227034793
5, 1750779448.664983, -1.2392361070974511
5, 1750779448.6653948, -1.2383809426684578
5, 1750779448.6658077, -1.238971740145571
5, 1750779448.6662192, -1.2389484663055637
5, 1750779448.666633, -1.2396526491570725
5, 1750779448.667044, -1.2393417345251774
5, 1750779448.6674554, -1.2390863190502235
5, 1750779448.6678677, -1.2396269882565514
5, 1750779448.6682806, -1.2399802732125627
5, 1750779448.6686928, -1.2426448295108568
5, 1750779448.6691036, -1.2423237698717788
5, 1750779448.669515, -1.2413492524171061
5, 1750779448.6699264, -1.240643279270212
5, 1750779448.6703372, -1.2410144671800751
5, 1750779448.6707501, -1.2410890628211249
5, 1750779448.6711602, -1.2392963803754193
5, 1750779448.671572, -1.240091868291573
5, 1750779448.671983, -1.2398358560514904
5, 1750779448.6723943, -1.2393978304472468
5, 1750779448.672817, -1.2452926763855556
5, 1750779448.673241, -1.2420826767599065
5, 1750779448.673657, -1.2402398660434155
5, 1750779448.6740685, -1.2394616843159854
5, 1750779448.6744802, -1.240201673075198
5, 1750779448.6748922, -1.239251026225661
5, 1750779448.6753242, -1.2458661676739455
5, 1750779448.6757712, -1.2470949070733155
5, 1750779448.6762025, -1.2428304234657883
5, 1750779448.676618, -1.2396269882565514
5, 1750779448.6770303, -1.235874529129189
5, 1750779448.6774416, -1.23521510366231
5, 1750779448.6778533, -1.236943932239277
5, 1750779448.6782658, -1.239228349150782
5, 1750779448.6786804, -1.239016497530201
5, 1750779448.679092, -1.2376009706456423
5, 1750779448.6795044, -1.2388374679916818
5, 1750779448.6799161, -1.2380771892181035
5, 1750779448.680328, -1.238222203144304
5, 1750779448.6807396, -1.238635164613155
5, 1750779448.6811502, -1.238764065880889
5, 1750779448.6815627, -1.2395070384657436
5, 1750779448.681974, -1.2385080536408064
5, 1750779448.6823854, -1.2389389180635093
5, 1750779448.682797, -1.238705582898306
5, 1750779448.6832082, -1.2389783045619835
5, 1750779448.6836202, -1.239695616246317
5, 1750779448.6840312, -1.238565939858261
5, 1750779448.6844451, -1.2403019296167688
5, 1750779448.684857, -1.2400733685725926
5, 1750779448.6852689, -1.2411905128929523
5, 1750779448.6856813, -1.2427886499068004
5, 1750779448.686093, -1.2420289678983507
5, 1750779448.6865053, -1.24067013370099
5, 1750779448.6869166, -1.2415300722510105
5, 1750779448.6873283, -1.2402243501500771
5, 1750779448.6877403, -1.2395822308719215
5, 1750779448.6881523, -1.2399146290484389
5, 1750779448.6885645, -1.2402165922034079
5, 1750779448.6889772, -1.2395893920534624
5, 1750779448.6893885, -1.2391358505558803
5, 1750779448.6898007, -1.2391913497128213
5, 1750779448.6902118, -1.239359040713901
5, 1750779448.690624, -1.2396795035878503
5, 1750779448.6910348, -1.2389019186255485
5, 1750779448.6914465, -1.2402852201931736
5, 1750779448.6918576, -1.2391316731999815
5, 1750779448.6922686, -1.2386769381721427
5, 1750779448.6926801, -1.2386584384531625
5, 1750779448.6930919, -1.2378987564447128
5, 1750779448.693504, -1.2393160736246565
5, 1750779448.6939182, -1.2359312218163867
5, 1750779448.6943302, -1.2360213333507748
5, 1750779448.6947458, -1.2382007195996818
5, 1750779448.695157, -1.236946916064919
5, 1750779448.6955688, -1.23987703284535
5, 1750779448.6959815, -1.238219219318662
5, 1750779448.6963935, -1.2385683269187746
5, 1750779448.6968052, -1.2380485444919405
5, 1750779448.6972175, -1.2390385778399515
5, 1750779448.6976295, -1.2386393419690538
5, 1750779448.698044, -1.2388911768532376
5, 1750779448.6984558, -1.2398824037315055
5, 1750779448.6988926, -1.238812403856289
5, 1750779448.6993055, -1.2385456498438954
5, 1750779448.6997173, -1.2386733575813724
5, 1750779448.7001295, -1.2386733575813724
5, 1750779448.7005434, -1.2396281817868082
5, 1750779448.700955, -1.2393793307282666
5, 1750779448.7013674, -1.2401879474772448
5, 1750779448.7017787, -1.2392665421189994
5, 1750779448.7021906, -1.2423727046123074
5, 1750779448.7026033, -1.2430309365489298
5, 1750779448.703014, -1.239997579401286
5, 1750779448.703427, -1.2414775569197114
5, 1750779448.7038388, -1.2408527438302794
5, 1750779448.7042506, -1.2403616061296086
5, 1750779448.7046626, -1.2390767708081691
5, 1750779448.705076, -1.2398865810874042
5, 1750779448.7054882, -1.2398555493007275
5, 1750779448.7059004, -1.2391137702461297
5, 1750779448.706313, -1.2402374789829018
5, 1750779448.7067256, -1.2390523034379048
5, 1750779448.7071362, -1.2389013218604201
5, 1750779448.7075486, -1.2394598940206
5, 1750779448.7079601, -1.2392217847343696
5, 1750779448.7083728, -1.2401366256762028
5, 1750779448.7087846, -1.2386763414070143
5, 1750779448.7091966, -1.2389550307219759
5, 1750779448.7096097, -1.239064835505601
5, 1750779448.7100217, -1.2382574122868795
5, 1750779448.710434, -1.2361281543087579
5, 1750779448.7108467, -1.2356113557075656
5, 1750779448.7112584, -1.2377656778210802
5, 1750779450.3447614, -0.19063861644588131
5, 1750779450.3452888, -0.21832374428249013
5, 1750779450.3462086, -0.3010168913593798
5, 1750779450.346972, -0.3120898683167921
5, 1750779450.3477218, -0.3139010504814781
5, 1750779450.3484197, -0.30609357230665557
5, 1750779450.348878, -0.2797457951227851
5, 1750779450.3493347, -0.248617929260452
5, 1750779450.3497925, -0.19518656348939745
5, 1750779450.3502498, -0.09050500849157972
5, 1750779450.350708, -0.04959675893994264
5, 1750779450.3511648, 0.008117590157620036
5, 1750779450.3516228, 0.05735668090168344
5, 1750779450.3520792, 0.08756075434525767
5, 1750779450.3525357, 0.18218025251316794
5, 1750779450.3529959, 0.2647862718813112
5, 1750779450.3534527, 0.29310039016325096
5, 1750779450.3539107, 0.343777088101624
5, 1750779450.354368, 0.373201786287511
5, 1750779450.354832, 0.3828473010577973
5, 1750779450.3552935, 0.39210551525975346
5, 1750779450.3557506, 0.3970777623095598
5, 1750779450.356207, 0.39605013275845957
5, 1750779450.3566635, 0.3900269823175453
5, 1750779450.3571215, 0.3701940900403886
5, 1750779450.3575797, 0.3397847293926457
5, 1750779450.358039, 0.3024648285580618
5, 1750779450.3584971, 0.17920895893887767
5, 1750779450.3589563, 0.1463003459334069
5, 1750779450.3594127, 0.08786749162125407
5, 1750779450.359871, 0.03575796060959924
5, 1750779450.3603535, 0.004634868868293118
5, 1750779450.3608212, -0.08226368206841261
5, 1750779450.3612804, -0.16991415706689894
5, 1750779450.3617387, -0.20557743790505167
5, 1750779450.3623128, -0.27077164112194607
5, 1750779450.3630679, -0.3000149227088005
5, 1750779450.3638213, -0.3124914912482035
5, 1750779450.3645754, -0.31119710768470954
5, 1750779450.3654423, -0.27954170144887325
5, 1750779450.3661983, -0.2385875009823497
5, 1750779450.3669543, -0.0780893099952733
5, 1750779450.3676224, -0.01790435326614581
5, 1750779450.3680828, -0.004566652646465386
5, 1750779450.368542, 0.07500720310429143
5, 1750779450.3690004, 0.1371346303263521
5, 1750779450.3694615, 0.19560567760672276
5, 1750779450.3699198, 0.2795359187947799
5, 1750779450.3703792, 0.3212199630133332
5, 1750779450.3708441, 0.36254714168510516
5, 1750779450.3713095, 0.38353596801596757
5, 1750779450.3717744, 0.38749550464288385
5, 1750779450.3722394, 0.3957977011091476
5, 1750779450.3727012, 0.3969530383977249
5, 1750779450.373165, 0.39299469530106546
5, 1750779450.3736317, 0.37885613587907585
5, 1750779450.3741093, 0.3474931445561542
5, 1750779450.3746686, 0.30282825852125583
5, 1750779450.3752317, 0.17410602032595213
5, 1750779450.3757305, 0.12977054864192938
5, 1750779450.3761973, 0.11136392502164183
5, 1750779450.376694, 0.013277221457743238
5, 1750779450.3772984, -0.04306456784450541
5, 1750779450.3777702, -0.1410241604360558
5, 1750779450.3782299, -0.19616346800458384
5, 1750779450.3786893, -0.20938300912884156
5, 1750779450.3795106, -0.29905830820797963
5, 1750779450.3802676, -0.3099624006340558
5, 1750779450.3810234, -0.31397146876662907
5, 1750779450.3817816, -0.3007835561941765
5, 1750779450.3826272, -0.2404118119798606
5, 1750779450.3834214, -0.08547248816380515
5, 1750779450.384269, -0.01517892692475531
5, 1750779450.3850245, 0.0677338297193848
5, 1750779450.3857808, 0.1786527738392114
5, 1750779450.3864484, 0.274461028142889
5, 1750779450.3869288, 0.2685339568876466
5, 1750779450.3873887, 0.35428671877782936
5, 1750779450.387847, 0.3795549478444289
5, 1750779450.3883057, 0.3840002512858609
5, 1750779450.3887637, 0.39527851544744186
5, 1750779450.389221, 0.3967477511935562
5, 1750779450.3896792, 0.3949347787334849
5, 1750779450.3901372, 0.386873675379094
5, 1750779450.3906176, 0.3581448053329179
5, 1750779450.391078, 0.3260024387523095
5, 1750779450.391537, 0.23210860698053049
5, 1750779450.391994, 0.16467832482753098
5, 1750779450.3924527, 0.1288527238744539
5, 1750779450.3929102, 0.1110058659446036
5, 1750779450.3933694, 0.02125716475467243
5, 1750779450.3939133, -0.027022327662928447
5, 1750779450.394371, -0.08853150621196981
5, 1750779450.3948302, -0.19214186780431408
5, 1750779450.3952882, -0.23828016694122534
5, 1750779450.3960855, -0.2939661113673653
5, 1750779450.3968399, -0.30888882016806907
5, 1750779450.397593, -0.3145903142047768
5, 1750779450.3983479, -0.30495375091141685
5, 1750779450.3991034, -0.26224685126279024
5, 1750779450.3998582, -0.13486136695509643
5, 1750779450.4006116, -0.05221417079309365
5, 1750779450.4013686, -0.003975258404223858
5, 1750779450.4021235, 0.10614879456457782
5, 1750779450.4028802, 0.2581657595468716
5, 1750779450.403633, 0.31710467068790527
5, 1750779450.4043872, 0.37733438480166237
5, 1750779450.405142, 0.3920911928966717
5, 1750779450.4058952, 0.39674834795868463
5, 1750779450.4066818, 0.3878696763783891
5, 1750779450.407436, 0.38472293385635004
5, 1750779450.4081893, 0.2583907400002774
5, 1750779450.4089432, 0.13731007927410088
5, 1750779450.409698, 0.04562666553790562
5, 1750779450.4104543, -0.02070019789268729
5, 1750779450.411209, -0.17425562337598954
5, 1750779450.4119637, -0.23420903523529857
5, 1750779450.4127204, -0.29234350698325295
5, 1750779450.4134755, -0.3090905267814672
5, 1750779450.4142292, -0.31473771519149096
5, 1750779450.4149892, -0.3066616927088899
5, 1750779450.4157422, -0.26359673398322503
5, 1750779450.4164958, -0.14300840448797691
5, 1750779450.4172523, -0.055496975764407264
5, 1750779450.4180071, -0.00551908979138771
5, 1750779450.4187624, 0.09747720048383623
5, 1750779450.4195185, 0.2533504617258333
5, 1750779450.4202724, 0.3176137113424282
5, 1750779450.4210267, 0.3741261754713987
5, 1750779450.42178, 0.3895626990476524
5, 1750779450.4225345, 0.3970336016900582
5, 1750779450.4232886, 0.3896152143789511
5, 1750779450.424043, 0.34713806930475766
5, 1750779450.4247956, 0.2334131355512068
5, 1750779450.425551, 0.18447123384108544
5, 1750779450.4263058, 0.051094227644282064
5, 1750779450.4270608, 0.029481184989116116
5, 1750779450.4278164, -0.12427952769835482
5, 1750779450.4285722, -0.22720778674894104
5, 1750779450.4293277, -0.2901438307199804
5, 1750779450.4300835, -0.3068956246392216
5, 1750779450.430838, -0.3147245863586665
5, 1750779450.4315915, -0.3082789262068468
5, 1750779450.4323456, -0.26763026948606283
5, 1750779450.4330995, -0.19628819191641877
5, 1750779450.433854, -0.06533405214090893
5, 1750779450.434627, 0.027056528272437763
5, 1750779450.4353838, 0.09078089897808983
5, 1750779450.4361389, 0.24807446122567267
5, 1750779450.4368935, 0.2712289482074888
5, 1750779450.4376502, 0.37116920426018973
5, 1750779450.4384072, 0.3896008920158698
5, 1750779450.4391649, 0.3973689836922176
5, 1750779450.4399202, 0.39018273801605696
5, 1750779450.440675, 0.3486067082857436
5, 1750779450.4414303, 0.23719841676063114
5, 1750779450.4421844, 0.18578232682817397
5, 1750779450.4429407, 0.056813624634842075
5, 1750779450.4436927, -0.004710473042409458
5, 1750779450.4444485, -0.1582008511267161
5, 1750779450.4452035, -0.2236570342349773
5, 1750779450.445958, -0.2884066474312159
5, 1750779450.4467125, -0.3057945929773287
5, 1750779450.447466, -0.31476397285714075
5, 1750779450.4482205, -0.30917109007380095
5, 1750779450.4489744, -0.26952201494308214
5, 1750779450.4497287, -0.1654127577033977
5, 1750779450.450483, -0.06957168131765812
5, 1750779450.4512384, 0.02340492245177428
5, 1750779450.451993, 0.08393898678101452
5, 1750779450.4527493, 0.19615231446433468
5, 1750779450.453505, 0.30427541395761937
5, 1750779450.4542596, 0.36987124010592565
5, 1750779450.4550173, 0.38768825977935606
5, 1750779450.4557722, 0.39718279297215764
5, 1750779450.456527, 0.39223799711825746
5, 1750779450.457283, 0.35294698106457734
5, 1750779450.4580445, 0.2469394139514609
5, 1750779450.4588034, 0.1886205417788318
5, 1750779450.4595592, 0.06742530214800357
5, 1750779450.4603152, -0.00010404301631039559
5, 1750779450.4610732, -0.15097879954285132
5, 1750779450.461829, -0.217534820782749
5, 1750779450.462613, -0.2856591407800746
5, 1750779450.463371, -0.3038210906977188
5, 1750779450.4641254, -0.3145873303791351
5, 1750779450.4648812, -0.3079190768344233
5, 1750779450.4656353, -0.26846812772633255
5, 1750779450.4663908, -0.16542827359673584
5, 1750779450.467149, -0.06873800043328693
5, 1750779450.4679027, 0.022194086006256164
5, 1750779450.4686582, 0.0824631866184875
5, 1750779450.4694147, 0.19338929191985477
5, 1750779450.47017, 0.3035861502343207
5, 1750779450.470925, 0.3702466053716873
5, 1750779450.47168, 0.38700436694221274
5, 1750779450.4724348, 0.39739345106248214
5, 1750779450.473189, 0.3921508694095115
5, 1750779450.4739456, 0.35409456040648557
5, 1750779450.474703, 0.24922144380245248
5, 1750779450.4754574, 0.15426656363238278
5, 1750779450.476213, 0.06319543091792301
5, 1750779450.4769676, 0.0004795932792625024
5, 1750779450.4777236, -0.14264676482016814
5, 1750779450.47848, -0.21886978437497362
5, 1750779450.479234, -0.28355793076298763
5, 1750779450.4799886, -0.3035776105253327
5, 1750779450.480746, -0.3139649043502164
5, 1750779450.4815006, -0.309530342681096
5, 1750779450.4822552, -0.2723011501460286
5, 1750779450.4830115, -0.17154989028383572
5, 1750779450.483767, -0.06809110703410459
5, 1750779450.4845214, 0.012277639867677603
5, 1750779450.4852786, 0.07963929403091141
5, 1750779450.486034, 0.22506021404902965
5, 1750779450.4867887, 0.2978404955781109
5, 1750779450.4875443, 0.36753967874927707
5, 1750779450.4882996, 0.34679791318157127
5, 1750779450.4890547, 0.39673999324688713
5, 1750779450.4898112, 0.39257576618093015
5, 1750779450.4905667, 0.3561903995374167
5, 1750779450.4913447, 0.2966415944351608
5, 1750779450.492098, 0.17406305323670734
5, 1750779450.4930954, 0.040174619324867766
5, 1750779450.4938614, -0.03699785354921836
5, 1750779450.4946237, -0.17994518211012966
5, 1750779450.4953818, -0.203895753773228
5, 1750779450.4961371, -0.29765710368650256
5, 1750779450.4968925, -0.31017604255002196
5, 1750779450.4976494, -0.31410275709487623
5, 1750779450.4984045, -0.30398102375212943
5, 1750779450.49916, -0.2593901365931526
5, 1750779450.499916, -0.1294487072405328
5, 1750779450.5006726, -0.04948814768657428
5, 1750779450.5014644, 0.04924365898112182
5, 1750779450.5022414, 0.12706183172413388
5, 1750779450.5030065, 0.2297460138372056
5, 1750779450.5037606, 0.33516158994295164
5, 1750779450.5045173, 0.38179818796207465
5, 1750779450.5053241, 0.39458149377747365
5, 1750779450.5061457, 0.39564850982704813
5, 1750779450.5069237, 0.3796307370157357
5, 1750779450.5076826, 0.3261450656179963
5, 1750779450.50844, 0.22059581412348894
5, 1750779450.5092824, 0.09192310743384224
5, 1750779450.510145, 0.008265587909462635
5, 1750779450.5109842, -0.09658783544533378
5, 1750779450.5118213, -0.22931317412192698
5, 1750779450.5124888, -0.2775944568349127
5, 1750779450.512963, -0.2987575385832675
5, 1750779450.5134373, -0.30529629409511694
5, 1750779450.513909, -0.3127349714205896
5, 1750779450.5143814, -0.3133550103889946
5, 1750779450.5148547, -0.31047323158396356
5, 1750779450.5153272, -0.29543713740886446
5, 1750779450.5157995, -0.26575344315725324
5, 1750779450.5162728, -0.20333002043150739
5, 1750779450.5167453, -0.1098133442208753
5, 1750779450.5172265, -0.0703062991907153
5, 1750779450.5177062, -0.010355274391919522
5, 1750779450.5181785, 0.04404464118252438
5, 1750779450.518655, 0.07646032619193877
5, 1750779450.5191295, 0.11740318812102313
5, 1750779450.5196028, 0.2532955593340209
5, 1750779450.5200756, 0.2895669438380106
5, 1750779450.520548, 0.338272526557287
5, 1750779450.5210192, 0.37115309160172316
5, 1750779450.5214913, 0.3833611158333472
5, 1750779450.5219626, 0.39334618996169146
5, 1750779450.522434, 0.39739762841838067
5, 1750779450.5229502, 0.3949496978616951
5, 1750779450.5234337, 0.3881740265938718
5, 1750779450.5239112, 0.36127185460571987
5, 1750779450.524384, 0.32996137861409736
5, 1750779450.5248575, 0.23933961004132076
5, 1750779450.525329, 0.1667789380794895
5, 1750779450.5258017, 0.12422361677347604
5, 1750779450.526273, 0.10821837602985962
5, 1750779450.5267475, 0.016904956673270632
5, 1750779450.5272937, -0.011626384115405841
5, 1750779450.5278301, -0.14670894504916854
5, 1750779450.528304, -0.19898795735728836
5, 1750779450.528777, -0.2578427246152182
5, 1750779450.5296512, -0.3015414479072409
5, 1750779450.530487, -0.31254102275386053
5, 1750779450.5313416, -0.31155636029200506
5, 1750779450.5320156, -0.29496808001794417
5, 1750779450.5324943, -0.26294387293275845
5, 1750779450.5329664, -0.23598918561330784
5, 1750779450.533439, -0.10921001467606573
5, 1750779450.5339117, -0.06659442009208405
5, 1750779450.5343847, -0.011210438820913105
5, 1750779450.5348592, 0.042157073081403595
5, 1750779450.5353324, 0.07906938333329228
5, 1750779450.5358045, 0.12450827373972162
5, 1750779450.536277, 0.25335344555147543
5, 1750779450.5367486, 0.2878130511256507
5, 1750779450.5372229, 0.33619936450123467
5, 1750779450.537695, 0.3715547145331346
5, 1750779450.5381675, 0.3832053601348355
5, 1750779450.538643, 0.3926121688537627
5, 1750779450.5391254, 0.3971475838295824
5, 1750779450.5396068, 0.3958156040629994
5, 1750779450.5400817, 0.3895239093143066
5, 1750779450.5405555, 0.3649055574725315
5, 1750779450.541028, 0.332399760928729
5, 1750779450.5415, 0.241140647198824
5, 1750779450.5419722, 0.1674729759238156
5, 1750779450.5424445, 0.12480486600853524
5, 1750779450.5429544, 0.06650867091078494
5, 1750779450.5434258, 0.015809295897533104
5, 1750779450.5440013, -0.009715542174277836
5, 1750779450.5444837, -0.14572368582218465
5, 1750779450.544956, -0.19970049492059472
5, 1750779450.5456603, -0.2715820481663096
5, 1750779450.5464995, -0.31175090572386255
5, 1750779450.547913, -0.311209639752406
5, 1750779450.548681, -0.2946362786065553
5, 1750779450.5491922, -0.2615289428133285
5, 1750779450.5496943, -0.1819085393825568
5, 1750779450.5501864, -0.09307169530881643
5, 1750779450.5507367, -0.04987783531541812
5, 1750779450.551228, 0.013320785312116445
5, 1750779450.5517807, 0.06867433156173908
5, 1750779450.5522764, 0.09227877945036678
5, 1750779450.5528333, 0.19486568884750977
5, 1750779450.553321, 0.28546358681515027
5, 1750779450.5538595, 0.3367525657752588
5, 1750779450.5543523, 0.3752594324502252
5, 1750779450.5551238, 0.38859653630477675
5, 1750779450.5557106, 0.3967775894499761
5, 1750779450.5562425, 0.39569625103731987
5, 1750779450.5567431, 0.38910915755007025
5, 1750779450.5572233, 0.3654796455260496
5, 1750779450.557722, 0.32950545005600196
5, 1750779450.558201, 0.23481792066345442
5, 1750779450.5586796, 0.16700749912366586
5, 1750779450.5591583, 0.12588501089093418
5, 1750779450.5596323, 0.06484668002819838
5, 1750779450.5601077, 0.023472953676411557
5, 1750779450.5606062, -0.03252927626777913
5, 1750779450.5611968, -0.15745787854186144
5, 1750779450.561697, -0.16398529551627128
5, 1750779450.562243, -0.265478334433062
5, 1750779450.5631092, -0.30062899402592125
5, 1750779450.5639808, -0.31400488761381906
5, 1750779450.5648253, -0.30990153059095915
5, 1750779450.5654032, -0.2905961786873057
5, 1750779450.5658715, -0.26230772130588687
5, 1750779450.566339, -0.23026620803197728
5, 1750779450.56681, -0.10336768406905561
5, 1750779450.5672781, -0.06547309841582516
5, 1750779450.5677478, -0.008664042018041496
5, 1750779450.568216, 0.047119175124027635
5, 1750779450.5686831, 0.07852334324080834
5, 1750779450.5691512, 0.1622196524985342
5, 1750779450.569619, 0.25118897843077814
5, 1750779450.5700867, 0.28944938110771634
5, 1750779450.570554, 0.3414801391224227
5, 1750779450.5710745, 0.3716734707936853
5, 1750779450.5715692, 0.38302752412657304
5, 1750779450.5720432, 0.3945104787271947
5, 1750779450.5725133, 0.3976840756800115
5, 1750779450.57298, 0.3955983815562627
5, 1750779450.573447, 0.3886490516360759
5, 1750779450.5739124, 0.36186742620386037
5, 1750779450.5743809, 0.33091023516824913
5, 1750779450.5748534, 0.23970483029990008
5, 1750779450.5753224, 0.17168912155594285
5, 1750779450.5757904, 0.12995315877121882
5, 1750779450.5762584, 0.07321034330268716
5, 1750779450.5767257, 0.025613550191972756
5, 1750779450.5772119, -0.017531375060897414
5, 1750779450.577783, -0.15046558153242984
5, 1750779450.578321, -0.19842043372018248
5, 1750779450.5788283, -0.25638482740654345
5, 1750779450.5796597, -0.3011660826414788
5, 1750779450.5804892, -0.31325236678691004
5, 1750779450.5813158, -0.31194545115572003
5, 1750779450.5819786, -0.29664140943797035
5, 1750779450.5824466, -0.26486485988106967
5, 1750779450.5829356, -0.20740174890256213
5, 1750779450.5834024, -0.15182381896466213
5, 1750779450.5838718, -0.07189966208353615
5, 1750779450.5843387, -0.01667263004113373
5, 1750779450.584807, 0.010742759957439674
5, 1750779450.5853918, 0.08320377214282892
5, 1750779450.5858793, 0.17273167023525282
5, 1750779450.5863469, 0.2604513699886333
5, 1750779450.5868208, 0.29222195189425015
5, 1750779450.5872881, 0.3413106578259577
5, 1750779450.5877573, 0.37364876336868047
5, 1750779450.5882232, 0.38363443426215316
5, 1750779450.5886915, 0.39392803596187864
5, 1750779450.5891566, 0.397357645154778
5, 1750779450.5896232, 0.39602208479742496
5, 1750779450.5900908, 0.38983601747645835
5, 1750779450.5905578, 0.3633408393058737
5, 1750779450.5910623, 0.32808156845964564
5, 1750779450.5915365, 0.23536813811183688
5, 1750779450.592013, 0.1654033944585338
5, 1750779450.5924857, 0.12696038165230616
5, 1750779450.5930037, 0.06177214608669557
5, 1750779450.5935109, 0.012325977843077762
5, 1750779450.594013, -0.04465196308604247
5, 1750779450.5945044, -0.15042321120831348
5, 1750779450.5949852, -0.19735819179163494
5, 1750779450.5954971, -0.2607555352069255
5, 1750779450.596334, -0.3014966905226113
5, 1750779450.5971694, -0.31364444147626713
5, 1750779450.5980053, -0.3119060646572458
5, 1750779450.5986557, -0.2962785762399047
5, 1750779450.5991337, -0.264506800804031
5, 1750779450.5996082, -0.20855410236549732
5, 1750779450.600085, -0.11473247917425455
5, 1750779450.6005595, -0.06855658383425434
5, 1750779450.6010344, -0.013294939414404627
5, 1750779450.6015096, 0.04040616419468579
5, 1750779450.6019843, 0.07690790003823711
5, 1750779450.6024587, 0.12042102937532828
5, 1750779450.6029365, 0.25215514117365334
5, 1750779450.6034122, 0.2865276190390831
5, 1750779450.6038864, 0.3349742056926348
5, 1750779450.6043603, 0.3713631529269188
5, 1750779450.6048346, 0.38336588995437415
5, 1750779450.6053092, 0.39207866082897525
5, 1750779450.6057832, 0.3971815994419008
5, 1750779450.6062582, 0.39599403683639034
5, 1750779450.6068165, 0.38789891786968056
5, 1750779450.6072938, 0.3590495012675685
5, 1750779450.607769, 0.32391197050753373
5, 1750779450.608244, 0.231107831860208
5, 1750779450.6087584, 0.15612071288631313
5, 1750779450.6093605, 0.0970481263565186
5, 1750779450.6098418, 0.0423653441112144
5, 1750779450.6103287, 0.006194812913923986
5, 1750779450.6108096, -0.07363505507691581
5, 1750779450.611285, -0.12591108355939307
5, 1750779450.61175, -0.20524265266802066
5, 1750779450.6123507, -0.27133260034263973
5, 1750779450.6131108, -0.30077341118699374
5, 1750779450.6139634, -0.3139511787522635
5, 1750779450.6148114, -0.3113110898242337
5, 1750779450.615313, -0.2981542090384579
5, 1750779450.6157782, -0.26719940506335993
5, 1750779450.6163263, -0.2319150700817394
5, 1750779450.6167927, -0.11130943439776741
5, 1750779450.6173384, -0.05983068412682879
5, 1750779450.6178038, -0.041432415218338736
5, 1750779450.6183507, 0.05786870538184852
5, 1750779450.6188211, 0.08899478094879631
5, 1750779450.6193655, 0.2078387659737393
5, 1750779450.6198287, 0.2741334040873986
5, 1750779450.6203766, 0.31535793915708643
5, 1750779450.620841, 0.3611429533379864
5, 1750779450.6213899, 0.38368993341909396
5, 1750779450.6218562, 0.38831366963391645
5, 1750779450.6224008, 0.39678534739664517
5, 1750779450.6228719, 0.39612353486925267
5, 1750779450.623334, 0.38919151113778927
5, 1750779450.6238825, 0.3664434212084111
5, 1750779450.6243432, 0.326478060559642
5, 1750779450.6250086, 0.20973409202152915
5, 1750779450.6255367, 0.15552514128817263
5, 1750779450.6260126, 0.10197859984733704
5, 1750779450.6265497, 0.03802089397648167
5, 1750779450.627058, 0.0018939266335640248
5, 1750779450.6275878, -0.09573207425121177
5, 1750779450.6280546, -0.1791807259806526
5, 1750779450.628597, -0.21875281840980776
5, 1750779450.629296, -0.29222057336680285
5, 1750779450.6301408, -0.3085271805002603
5, 1750779450.630913, -0.3147741178643235
5, 1750779450.6317255, -0.3075132765471129
5, 1750779450.6322033, -0.2828853764632835
5, 1750779450.632673, -0.2534171144230233
5, 1750779450.6331487, -0.16758498277076406
5, 1750779450.6336246, -0.08513889645703099
5, 1750779450.6340919, -0.0500783483985594
5, 1750779450.6345556, 0.017614510410935313
5, 1750779450.6350987, 0.06324973654460742
5, 1750779450.6355636, 0.10741333987165147
5, 1750779450.6360278, 0.20663747777027552
5, 1750779450.6364923, 0.2734262374102481
5, 1750779450.636956, 0.3044801043966596
5, 1750779450.6374187, 0.35387017671820775
5, 1750779450.6378815, 0.3791509378525042
5, 1750779450.638344, 0.3834446629513226
5, 1750779450.6388068, 0.39506188970583356
5, 1750779450.639271, 0.3973015492327088
5, 1750779450.6397345, 0.39484466719909683
5, 1750779450.6401982, 0.38622439491939753
5, 1750779450.6406608, 0.3557917604316474
5, 1750779450.6411338, 0.3222093995962161
5, 1750779450.6416035, 0.2639102206728241
5, 1750779450.6420708, 0.16455897180185142
5, 1750779450.6425405, 0.12160501139006863
5, 1750779450.643011, 0.06472553670713399
5, 1750779450.643593, 0.008853998326062484
5, 1750779450.6440804, -0.057425123894259134
