6, 1750779448.71223, -1.2398239207489226
6, 1750779448.7126913, -1.2384650865515618
6, 1750779448.713101, -1.2383660235402478
6, 1750779448.7135134, -1.2384841830356705
6, 1750779448.7139237, -1.2384072003341073
6, 1750779448.7143335, -1.2388219520983434
6, 1750779448.7147474, -1.238728259973185
6, 1750779448.715155, -1.2390523034379048
6, 1750779448.7155638, -1.2383809426684578
6, 1750779448.7159731, -1.2380664474457923
6, 1750779448.716383, -1.239481974330351
6, 1750779448.7167923, -1.2388374679916818
6, 1750779448.7172027, -1.239434233120079
6, 1750779448.7176123, -1.2394211042872543
6, 1750779448.7180219, -1.2395989402955168
6, 1750779448.718432, -1.2399599831981971
6, 1750779448.7188451, -1.242921728530433
6, 1750779448.719255, -1.243396156807509
6, 1750779448.7196639, -1.2400638203305383
6, 1750779448.7200787, -1.2409953706959664
6, 1750779448.7204888, -1.241038337785211
6, 1750779448.7208982, -1.2402983490259984
6, 1750779448.7213125, -1.2392128332574437
6, 1750779448.721722, -1.2400751588679777
6, 1750779448.722136, -1.244522849369923
6, 1750779448.7225497, -1.2398686781335524
6, 1750779448.7229598, -1.2391495761538336
6, 1750779448.7233706, -1.2392951868451625
6, 1750779448.7237802, -1.2394801840349656
6, 1750779448.724191, -1.2400494979674568
6, 1750779448.7246003, -1.2389043056860622
6, 1750779448.7250113, -1.2392665421189994
6, 1750779448.7254217, -1.2393858951446788
6, 1750779448.7258313, -1.238987852804038
6, 1750779448.7262452, -1.2391710596984558
6, 1750779448.7266552, -1.237948884715498
6, 1750779448.7270646, -1.2359735921405028
6, 1750779448.7274785, -1.2361048804687504
6, 1750779448.7278879, -1.2368198050925703
6, 1750779448.728299, -1.2376373733184747
6, 1750779448.7287111, -1.2370961073470184
6, 1750779448.729121, -1.2383540882376798
6, 1750779448.7295308, -1.2386071166521204
6, 1750779448.729944, -1.2383487173515244
6, 1750779448.7303538, -1.2387175182008738
6, 1750779448.7307646, -1.23868171229317
6, 1750779448.7311766, -1.2397308253888926
6, 1750779448.731587, -1.2386417290295675
6, 1750779448.7319963, -1.238585633107498
6, 1750779448.7324107, -1.2392444618092486
6, 1750779448.7328203, -1.238663809339318
6, 1750779448.73323, -1.2390702063917567
6, 1750779448.7336438, -1.2387020023075355
6, 1750779448.7340539, -1.2395613440924276
6, 1750779448.7344644, -1.2393482989415898
6, 1750779448.7348793, -1.2396711488760528
6, 1750779448.735289, -1.2418356159967499
6, 1750779448.7356985, -1.242317802220495
6, 1750779448.7361107, -1.2426114106636663
6, 1750779448.7365203, -1.2402243501500771
6, 1750779448.73693, -1.2411248687288288
6, 1750779448.7373455, -1.2424401390718165
6, 1750779448.737762, -1.245049792978298
6, 1750779448.7381809, -1.2465858664187925
6, 1750779448.7385962, -1.2451661621783354
6, 1750779448.7390103, -1.2460368425006672
6, 1750779448.7394278, -1.2446839759545905
6, 1750779448.739861, -1.2453624979055782
6, 1750779448.740389, -1.248432257726054
6, 1750779448.740902, -1.2462713711961273
6, 1750779448.741383, -1.2464235463038686
6, 1750779448.7418332, -1.2490875058370343
6, 1750779448.7422578, -1.2452879022645285
6, 1750779448.742672, -1.2455385436184554
6, 1750779448.7430844, -1.2383970553269246
6, 1750779448.7434945, -1.2384274903484727
6, 1750779448.7439094, -1.2355039379844541
6, 1750779448.74432, -1.2360643004400194
6, 1750779448.7447293, -1.23866679316496
6, 1750779448.7451434, -1.2376230509553932
6, 1750779448.7455537, -1.2374995205738148
6, 1750779448.7459638, -1.2377328557390184
6, 1750779448.7463765, -1.2382156387278918
6, 1750779448.7467866, -1.2386226325454586
6, 1750779448.7471967, -1.2390576743240602
6, 1750779448.7476087, -1.2388476129988644
6, 1750779448.748019, -1.2386166648941748
6, 1750779448.748429, -1.2387425823362666
6, 1750779448.7488418, -1.238870886838872
6, 1750779448.7492518, -1.2391585276307595
6, 1750779448.7496624, -1.238423312992574
6, 1750779448.7500768, -1.2396974065417024
6, 1750779448.7504873, -1.2392259620902684
6, 1750779448.7508974, -1.2392904127241353
6, 1750779448.751309, -1.2398155660371248
6, 1750779448.7517183, -1.2392355103323227
6, 1750779448.752129, -1.2428817452668304
6, 1750779448.7525423, -1.2431687892935894
6, 1750779448.7529523, -1.2401527383346693
6, 1750779448.753362, -1.24040576674911
6, 1750779448.753775, -1.2412000611350067
6, 1750779448.7541852, -1.2407357778651136
6, 1750779448.7545974, -1.239300557731318
6, 1750779448.7550068, -1.2406635692845775
6, 1750779448.7554178, -1.2395971500001315
6, 1750779448.755829, -1.2393327830482515
6, 1750779448.7562413, -1.2395231511242102
6, 1750779448.7566512, -1.2391280926092112
6, 1750779448.7570617, -1.2397869213109618
6, 1750779448.7574735, -1.239623407665781
6, 1750779448.7578843, -1.2395374734872917
6, 1750779448.758294, -1.2392677356492563
6, 1750779448.7587075, -1.2388661127178449
6, 1750779448.7591178, -1.2400870941705457
6, 1750779448.759528, -1.239111383185616
6, 1750779448.759942, -1.2385551980859497
6, 1750779448.7603536, -1.2388917736183658
6, 1750779448.7607641, -1.2353857784890316
6, 1750779448.7611747, -1.2375902288733314
6, 1750779448.761584, -1.2378927887934288
6, 1750779448.7619948, -1.2376684051051514
6, 1750779448.762408, -1.2377913387216013
6, 1750779448.762818, -1.2386071166521204
6, 1750779448.7632284, -1.2383487173515244
6, 1750779448.7636402, -1.2381565589801804
6, 1750779448.7640505, -1.2390170942953294
6, 1750779448.7644603, -1.2385963748798092
6, 1750779448.7648733, -1.2395225543590818
6, 1750779448.7652836, -1.2385319242459423
6, 1750779448.7656934, -1.2387485499875506
6, 1750779448.7661066, -1.2392331232718092
6, 1750779448.7665162, -1.238725276147543
6, 1750779448.7669282, -1.2395356831919067
6, 1750779448.7673388, -1.2392325265066808
6, 1750779448.7677484, -1.239294590080034
6, 1750779448.7681594, -1.2416279417320677
6, 1750779448.7685735, -1.2412370605729675
6, 1750779448.7689836, -1.2432045952012933
6, 1750779448.7693937, -1.241550362265376
6, 1750779448.769806, -1.2406277633768736
6, 1750779448.7702162, -1.2413510427124912
6, 1750779448.7706265, -1.2408915335636252
6, 1750779448.7710392, -1.2402703010649636
6, 1750779448.771449, -1.239811388681226
6, 1750779448.771859, -1.2398728554894511
6, 1750779448.7722719, -1.2394915225724052
6, 1750779448.772682, -1.239130479669725
6, 1750779448.7730923, -1.2392611712328439
6, 1750779448.7735054, -1.239416330166227
6, 1750779448.773916, -1.2399701282053799
6, 1750779448.774325, -1.2392176073784709
6, 1750779448.77474, -1.2390523034379048
6, 1750779448.7751486, -1.2394909258072768
6, 1750779448.7755604, -1.238914450693245
6, 1750779448.775974, -1.2391823982358954
6, 1750779448.776384, -1.238178639289931
6, 1750779448.776795, -1.2381493977986395
6, 1750779448.7772057, -1.235601210700383
6, 1750779448.7776155, -1.235563614497294
6, 1750779448.7780263, -1.2379220302847203
6, 1750779448.7784376, -1.237112220005485
6, 1750779448.778848, -1.2379154658683078
6, 1750779448.7792575, -1.2378140157964803
6, 1750779448.7796712, -1.238765856176274
6, 1750779448.7800822, -1.2382359287422573
6, 1750779448.7804916, -1.238265766998677
6, 1750779448.7809052, -1.2395864082278203
6, 1750779448.7813148, -1.2384591189002778
6, 1750779448.7817245, -1.238477618619258
6, 1750779448.7821386, -1.2389329504122253
6, 1750779448.7825484, -1.238614277833661
6, 1750779448.7829587, -1.2393029447918316
6, 1750779448.7833705, -1.2393118962687575
6, 1750779448.7837806, -1.2391537535097323
6, 1750779448.7841907, -1.2393089124431156
6, 1750779448.7846048, -1.239824517514051
6, 1750779448.785015, -1.2399450640699872
6, 1750779448.7854245, -1.24207014469221
6, 1750779448.7858398, -1.243525654840371
6, 1750779448.7862544, -1.2408736306097734
6, 1750779448.7866669, -1.2405257165399177
6, 1750779448.7870762, -1.2410777242836852
6, 1750779448.7874868, -1.2405370550773573
6, 1750779448.7878978, -1.239745147751974
6, 1750779448.7883077, -1.240039352960274
6, 1750779448.7887177, -1.2396305688473217
6, 1750779448.7891278, -1.2387915170767951
6, 1750779448.7895384, -1.2394503457785457
6, 1750779448.789949, -1.2399653540843527
6, 1750779448.790359, -1.2388893865578523
6, 1750779448.7907708, -1.2402750751859908
6, 1750779448.7911804, -1.2394736196185532
6, 1750779448.791591, -1.239108399359974
6, 1750779448.7920036, -1.2394515393088026
6, 1750779448.792414, -1.239126302313826
6, 1750779448.792824, -1.2392546068164314
6, 1750779448.7932363, -1.2385910039936536
6, 1750779448.793647, -1.2362809261816277
6, 1750779448.794057, -1.2353750367167204
6, 1750779448.7944698, -1.2368084665551309
6, 1750779448.7948818, -1.2382794925966303
6, 1750779448.795292, -1.2369009651500324
6, 1750779448.7957041, -1.2387813720696124
6, 1750779448.7961142, -1.2379781262067895
6, 1750779448.7965245, -1.238170881343262
6, 1750779448.7969365, -1.2390159007650725
6, 1750779448.7973464, -1.238199526069425
6, 1750779448.7977571, -1.2393226380410687
6, 1750779448.7981691, -1.2388911768532376
6, 1750779448.798598, -1.2390188845907144
6, 1750779448.7990108, -1.2390785611035542
6, 1750779448.7994206, -1.2383164920345908
6, 1750779448.7998319, -1.2387939041373086
6, 1750779448.8002417, -1.2389001283301635
6, 1750779448.8006523, -1.2399444673048587
6, 1750779448.8010626, -1.2390260457722553
6, 1750779448.8014724, -1.2399408867140884
6, 1750779448.8018835, -1.2406850528292
6, 1750779448.8022938, -1.2427403119314002
6, 1750779448.8027046, -1.242529653841076
6, 1750779448.803115, -1.2402440433993143
6, 1750779448.803525, -1.2412698826550292
6, 1750779448.803936, -1.2410771275185568
6, 1750779448.8043458, -1.239928354646392
6, 1750779448.8047562, -1.2398740490197078
6, 1750779448.805169, -1.2397797601294211
6, 1750779448.8055816, -1.239748131577616
6, 1750779448.8059905, -1.2392534132861746
6, 1750779448.8064015, -1.239271913005155
6, 1750779448.806812, -1.239453926369316
6, 1750779448.8072224, -1.23939663691699
6, 1750779448.8076353, -1.2403681705460208
6, 1750779448.8080451, -1.2392050753107744
6, 1750779448.808456, -1.2389251924655562
6, 1750779448.8088684, -1.2395416508431905
6, 1750779448.8092785, -1.2389592080778749
6, 1750779448.8096888, -1.239131076434853
6, 1750779448.8101008, -1.2380145288796218
6, 1750779448.8105116, -1.2353004410756707
6, 1750779448.810922, -1.2356435810244992
6, 1750779448.811335, -1.2379071111565103
6, 1750779448.8117456, -1.2375072785204841
6, 1750779448.812156, -1.2366956779458638
6, 1750779448.8125684, -1.2386166648941748
6, 1750779448.8129783, -1.239115560541515
6, 1750779448.8133888, -1.2375454714887015
6, 1750779448.813801, -1.2386136810685326
6, 1750779448.8142111, -1.2386542610972637
6, 1750779448.8146226, -1.2394258784082814
6, 1750779448.8150332, -1.2388368712265534
6, 1750779448.8154438, -1.238513424526962
6, 1750779448.815854, -1.2387097602542048
6, 1750779448.8162673, -1.239051109907648
6, 1750779448.8166783, -1.239300557731318
6, 1750779448.8170886, -1.238815387681931
6, 1750779448.817501, -1.239734405979663
6, 1750779448.8179111, -1.2397302286237641
6, 1750779448.8183212, -1.2398257110443076
6, 1750779448.8187354, -1.2424234296482213
6, 1750779448.8191447, -1.242523686189792
6, 1750779448.8195553, -1.2417461012274904
6, 1750779448.8199668, -1.2409715000908306
6, 1750779448.820377, -1.2416171999597565
6, 1750779448.820788, -1.2407142943204914
6, 1750779448.8211997, -1.2389120636327313
6, 1750779448.8216107, -1.2407071331389505
6, 1750779448.8220208, -1.2399510317212712
6, 1750779448.8224335, -1.2395428443734473
6, 1750779448.8228452, -1.2390654322707295
6, 1750779448.8232548, -1.2390230619466134
6, 1750779448.8236666, -1.2399474511305006
6, 1750779448.8240774, -1.2392981706708044
6, 1750779448.824488, -1.2396633909293837
6, 1750779448.8249, -1.2393274121620959
6, 1750779448.8253102, -1.23930354155696
6, 1750779448.825721, -1.2391985108943622
6, 1750779448.8261328, -1.2388834189065683
6, 1750779448.8265433, -1.2385575851464634
6, 1750779448.8269536, -1.237675566286692
6, 1750779448.8273656, -1.2360917516359256
6, 1750779448.8277762, -1.2361502346185085
6, 1750779448.828187, -1.2373133298537549
6, 1750779448.8285995, -1.2374923593922742
6, 1750779448.82901, -1.237402247857886
6, 1750779448.8294203, -1.2384841830356705
6, 1750779448.8298326, -1.2384274903484727
6, 1750779448.830243, -1.2382424931586695
6, 1750779448.8306556, -1.2386208422500735
6, 1750779448.831065, -1.2387783882439705
6, 1750779448.831476, -1.2396812938832356
6, 1750779448.8318863, -1.2387008087772786
6, 1750779448.8322992, -1.2390654322707295
6, 1750779448.8327098, -1.2391119799507444
6, 1750779448.83312, -1.2386118907731476
6, 1750779448.8335323, -1.2387676464716593
6, 1750779448.8339434, -1.23930354155696
6, 1750779448.8343537, -1.2395130061170274
6, 1750779448.8347664, -1.2399713217356367
6, 1750779448.8351758, -1.2394736196185532
6, 1750779448.835587, -1.242649603631884
6, 1750779448.8359976, -1.2422605127681687
6, 1750779448.8364089, -1.2412871888437527
6, 1750779448.836819, -1.2410055157031492
6, 1750779448.8372319, -1.2406313439676442
6, 1750779448.8376436, -1.2402744784208626
6, 1750779448.838054, -1.2397970663181446
6, 1750779448.8384652, -1.2404200891121915
6, 1750779448.8388903, -1.2391931400082066
6, 1750779448.839301, -1.2396717456411812
6, 1750779448.8397121, -1.2396932291858034
6, 1750779448.840123, -1.2385563916162066
6, 1750779448.8405337, -1.2399426770094735
6, 1750779448.8409443, -1.2394396040062345
6, 1750779448.8413553, -1.2402953652003563
6, 1750779448.841766, -1.2395553764411438
6, 1750779448.8421764, -1.2394569101949582
6, 1750779448.842596, -1.2400864974054173
6, 1750779448.8430078, -1.240242253103929
6, 1750779448.8434181, -1.2405310874260733
6, 1750779448.8438306, -1.2373234748609376
6, 1750779448.8442407, -1.2373837481389058
6, 1750779448.8446507, -1.2401801895305757
6, 1750779448.8450637, -1.2385355048367126
6, 1750779448.8454742, -1.2374040381532714
6, 1750779448.845885, -1.2374595373102122
6, 1750779448.846297, -1.240053078558227
6, 1750779448.8467078, -1.2394843613908644
6, 1750779448.8471184, -1.2380389962498861
6, 1750779448.8475306, -1.2390021751671194
6, 1750779448.847941, -1.2384471835977098
6, 1750779448.8483512, -1.2396162464842402
6, 1750779448.8487632, -1.23902425547687
6, 1750779448.8491738, -1.2386077134172488
6, 1750779448.849584, -1.238367813835633
6, 1750779448.8499959, -1.2389604016081315
6, 1750779448.8504066, -1.2394217010523827
6, 1750779448.8508186, -1.2388434356429656
6, 1750779448.8512292, -1.2400268208925775
6, 1750779448.8516393, -1.2400292079530912
6, 1750779448.8520496, -1.2416953761915765
6, 1750779448.8524632, -1.2428125205119362
6, 1750779448.8528733, -1.2410425151411097
6, 1750779448.853284, -1.241116514017031
6, 1750779448.8536956, -1.2414214609976422
6, 1750779448.8541062, -1.2405525709706957
6, 1750779448.854517, -1.2394097657498147
6, 1750779448.8549287, -1.240088884465931
6, 1750779448.8553395, -1.2405579418568513
6, 1750779448.85575, -1.239282654777466
6, 1750779448.856162, -1.239629375317065
6, 1750779448.8565722, -1.2391388343815224
6, 1750779448.8569825, -1.2390141104696872
6, 1750779448.857396, -1.2399498381910143
6, 1750779448.857806, -1.2395685052739684
6, 1750779448.858217, -1.2402219630895635
6, 1750779448.8586287, -1.2388279197496272
6, 1750779448.8590393, -1.2392229782646265
6, 1750779448.85945, -1.2391030284738185
6, 1750779448.8598616, -1.2384131679853911
6, 1750779448.860272, -1.2382001228345534
6, 1750779448.860682, -1.2352807478264336
6, 1750779448.861095, -1.23673804826998
6, 1750779448.8615055, -1.2381607363360791
6, 1750779448.8619158, -1.2364283271683416
6, 1750779448.8623285, -1.2380700280365629
6, 1750779448.86274, -1.238384523259228
6, 1750779448.8631501, -1.2387843558952543
6, 1750779448.8635612, -1.2383218629207464
6, 1750779448.8639727, -1.2379065143913819
6, 1750779448.8643832, -1.2390463357866208
6, 1750779448.8647943, -1.2392498326954042
6, 1750779448.865205, -1.239345315115948
6, 1750779448.8656154, -1.238053915378096
6, 1750779448.866028, -1.2387849526603827
6, 1750779448.8664389, -1.2389096765722178
6, 1750779448.866856, -1.2429175511745343
6, 1750779448.8672724, -1.2398889681479177
6, 1750779448.867683, -1.239172849993841
6, 1750779448.8680947, -1.2407119072599777
6, 1750779448.8685062, -1.2397523089335147
6, 1750779448.868917, -1.2423750916728211
6, 1750779448.8693285, -1.24250578323594
6, 1750779448.8697386, -1.2401813830608326
6, 1750779448.8701499, -1.2420540320337434
6, 1750779448.8705604, -1.2412346735124538
6, 1750779448.8709834, -1.2393900725005775
6, 1750779448.871395, -1.2398454042935447
6, 1750779448.871806, -1.2400041438176985
6, 1750779448.8722177, -1.2396801003529787
6, 1750779448.8726275, -1.2392725097702835
6, 1750779448.873038, -1.2393662018954417
6, 1750779448.8734488, -1.2391597211610164
6, 1750779448.8738601, -1.239575069690381
6, 1750779448.874271, -1.23921044619693
6, 1750779448.8746817, -1.2391979141292337
6, 1750779448.8750935, -1.2403974120373122
6, 1750779448.875504, -1.2394706357929113
6, 1750779448.8759148, -1.2388828221414399
6, 1750779448.8763273, -1.2388887897927239
6, 1750779448.8767374, -1.2380676409760492
6, 1750779448.8771482, -1.2365643896176164
6, 1750779448.8775604, -1.2355218409383062
6, 1750779448.8779712, -1.2375299555953632
6, 1750779448.8783827, -1.2372423148034757
6, 1750779448.8787944, -1.2376821307031045
6, 1750779448.8792055, -1.2379733520857623
6, 1750779448.879616, -1.2384662800818185
6, 1750779448.8800273, -1.2388320971055262
6, 1750779448.8804379, -1.2384841830356705
6, 1750779448.8808484, -1.2385951813495524
6, 1750779448.8812597, -1.2390385778399515
6, 1750779448.8816705, -1.2387139376101035
6, 1750779448.8820815, -1.239641310619633
6, 1750779448.8824928, -1.2390475293168777
6, 1750779448.8829033, -1.2386250196059723
6, 1750779448.8833144, -1.2386494869762366
6, 1750779448.883726, -1.2394211042872543
6, 1750779448.884137, -1.2395565699714004
6, 1750779448.884547, -1.2392498326954042
6, 1750779448.8849597, -1.240730406978958
6, 1750779448.88537, -1.2416971664869618
6, 1750779448.885781, -1.2424568484954115
6, 1750779448.8861928, -1.2415193304786993
6, 1750779448.8866043, -1.2404648464968213
6, 1750779448.887015, -1.2421704012337809
6, 1750779448.8874252, -1.2406080701276365
6, 1750779448.8878367, -1.2397869213109618
6, 1750779448.8882475, -1.2395344896616498
6, 1750779448.8886588, -1.2396007305909018
6, 1750779448.8890703, -1.2400005632269282
6, 1750779448.889481, -1.239252219755918
6, 1750779448.889892, -1.2394211042872543
6, 1750779448.8903027, -1.2391734467589695
6, 1750779448.8907146, -1.239088706110737
6, 1750779448.8911257, -1.2398585331263696
6, 1750779448.8915362, -1.2392802677169525
6, 1750779448.8919473, -1.2397176965560677
6, 1750779448.892359, -1.2389245957004278
6, 1750779448.8927693, -1.2387879364860248
6, 1750779448.8931813, -1.2381368657309433
6, 1750779448.8935921, -1.238034222128859
6, 1750779448.894003, -1.2358530455845667
6, 1750779448.8944142, -1.2360219301159032
6, 1750779448.8948255, -1.238097479232469
6, 1750779448.8952363, -1.2370877526352206
6, 1750779448.8956475, -1.2373753934271083
6, 1750779448.8960586, -1.238211461371993
6, 1750779448.8964698, -1.238534311306456
6, 1750779448.8968809, -1.2389210151096572
6, 1750779448.8972924, -1.2384800056797718
6, 1750779448.897703, -1.2385677301536462
6, 1750779448.8981142, -1.2387515338131925
6, 1750779448.898525, -1.239022465181485
6, 1750779448.8989358, -1.2396138594237267
6, 1750779448.8993473, -1.238348120586396
6, 1750779448.899758, -1.238750937048064
6, 1750779448.900169, -1.2389759175014698
6, 1750779448.900581, -1.2390278360676406
6, 1750779448.900992, -1.2396771165273368
6, 1750779448.901403, -1.2392981706708044
6, 1750779448.901814, -1.23973918010069
6, 1750779448.9022248, -1.2430780809940731
6, 1750779448.9026368, -1.2419782428624369
6, 1750779448.9030476, -1.240076949163363
6, 1750779448.9034584, -1.2414536863145755
6, 1750779448.9038699, -1.2417114888500433
6, 1750779448.9042807, -1.2402613495880377
6, 1750779448.904692, -1.239367992190827
6, 1750779448.9051027, -1.2401044003592692
6, 1750779448.9055142, -1.2393942498564765
6, 1750779448.9059258, -1.2398716619591943
6, 1750779448.9063365, -1.239345315115948
6, 1750779448.9067485, -1.238783759130126
6, 1750779448.9071586, -1.2395720858647388
6, 1750779448.9075696, -1.2392707194748982
6, 1750779448.9079816, -1.2395177802380546
6, 1750779448.9083924, -1.238815387681931
6, 1750779448.908804, -1.2401718348187782
6, 1750779448.9092147, -1.238986659273781
6, 1750779448.9096255, -1.2383505076469095
6, 1750779448.9100375, -1.2379250141103622
6, 1750779448.9104486, -1.2355045347495826
6, 1750779448.9108615, -1.2362600394021337
6, 1750779448.9112735, -1.2372590242270707
6, 1750779448.9116843, -1.2372124765470558
6, 1750779448.912096, -1.23683114363001
6, 1750779448.9125068, -1.2375902288733314
6, 1750779448.912918, -1.2392987674359328
6, 1750779448.913329, -1.2377919354867295
6, 1750779448.91374, -1.2386536643321353
6, 1750779448.9141514, -1.2384626994910481
6, 1750779448.9145622, -1.2390523034379048
6, 1750779448.9149816, -1.2385396821926113
6, 1750779448.9153929, -1.2386459063854662
6, 1750779448.915804, -1.2397230674422233
6, 1750779448.9162152, -1.2384746347936162
6, 1750779448.916627, -1.2389586113127464
6, 1750779448.9170387, -1.238792710607052
6, 1750779448.91745, -1.2389281762911981
6, 1750779448.9178612, -1.2400345788392468
6, 1750779450.645137, -0.20752885987491076
6, 1750779450.6457913, -0.2410408024251911
6, 1750779450.6465485, -0.3018565398950348
6, 1750779450.6473036, -0.31432535048776833
6, 1750779450.6480567, -0.3110658193564624
6, 1750779450.6486883, -0.29637823601634716
6, 1750779450.6491466, -0.26552607564333375
6, 1750779450.649607, -0.2093108005483053
6, 1750779450.6500642, -0.15981689109441577
6, 1750779450.650522, -0.07416319221554746
6, 1750779450.6509807, -0.02166815093094776
6, 1750779450.6514373, 0.03345683427449897
6, 1750779450.6518962, 0.03461634891897525
6, 1750779450.652353, 0.12801247857367049
6, 1750779450.6528108, 0.22613976216630016
6, 1750779450.65327, 0.28345606892322195
6, 1750779450.6537278, 0.3141912633310695
6, 1750779450.6541848, 0.3598587147816752
6, 1750779450.6546443, 0.3827482380464833
6, 1750779450.6551058, 0.3864959230528182
6, 1750779450.6555686, 0.3943684486266359
6, 1750779450.656029, 0.3971648900183058
6, 1750779450.6564856, 0.3941249684542498
6, 1750779450.656943, 0.42203746380477813
6, 1750779450.6574016, 0.3524057150931208
6, 1750779450.6578605, 0.31176660661439115
6, 1750779450.6583183, 0.2196970858401226
6, 1750779450.6587787, 0.16007249156656034
6, 1750779450.6592379, 0.11596379063132867
6, 1750779450.6596959, 0.06292270925424548
6, 1750779450.6602628, 0.00881819241835835
6, 1750779450.6607296, -0.011777962458018987
6, 1750779450.6611905, -0.1466468814758155
6, 1750779450.661649, -0.19712545339156007
6, 1750779450.6622195, -0.26149970132203704
6, 1750779450.662993, -0.30232440375569825
6, 1750779450.6638, -0.31332696242796
6, 1750779450.6646059, -0.31319985145561136
6, 1750779450.6653779, -0.28862207964256736
6, 1750779450.6661375, -0.210388558370191
6, 1750779450.666747, -0.157139205963297
6, 1750779450.6672993, -0.06156786741559328
6, 1750779450.6677647, -0.010265162857531429
6, 1750779450.6683109, 0.055415403939007124
6, 1750779450.668774, 0.0857782169067347
6, 1750779450.6693184, 0.15283671438474267
6, 1750779450.6697838, 0.23126239402846283
6, 1750779450.670334, 0.27021265719382814
6, 1750779450.6708148, 0.3586765230623201
6, 1750779450.6713798, 0.38287117166293294
6, 1750779450.6718538, 0.38900770747824254
6, 1750779450.6724212, 0.3963640312159966
6, 1750779450.672889, 0.3962476620159592
6, 1750779450.6734395, 0.3884479417878062
6, 1750779450.6739125, 0.3646197069760291
6, 1750779450.6746504, 0.27264984597820296
6, 1750779450.6752203, 0.17674670601911036
6, 1750779450.6757216, 0.13673360416006908
6, 1750779450.6761906, 0.08309993501048751
6, 1750779450.676698, 0.020449144770822603
6, 1750779450.6772807, -0.027239550169665172
6, 1750779450.6777763, -0.13230661544042732
6, 1750779450.6782556, -0.19593192313476537
6, 1750779450.678764, -0.2065692615484478
6, 1750779450.6795247, -0.29972787868204165
6, 1750779450.6803253, -0.31161723033510125
6, 1750779450.6810884, -0.3139314855030264
6, 1750779450.68183, -0.3046977386713343
6, 1750779450.6822958, -0.31693500439425026
6, 1750779450.6828403, -0.2309333914455256
6, 1750779450.6833055, -0.13794723943403886
6, 1750779450.6838481, -0.07121517248126441
6, 1750779450.6843162, -0.024535010607768637
6, 1750779450.6847756, 0.043892466074783254
6, 1750779450.6853259, 0.07680824026179467
6, 1750779450.685784, 0.16949481617882567
6, 1750779450.6863387, 0.2572688215588901
6, 1750779450.6868005, 0.2922577578019543
6, 1750779450.6872778, 0.3415511541727021
6, 1750779450.687749, 0.3731504644864687
6, 1750779450.6882877, 0.38353298419032544
6, 1750779450.688749, 0.39528925721975305
6, 1750779450.6892984, 0.3968193630089636
6, 1750779450.6897569, 0.39365829812384323
6, 1750779450.6903045, 0.3813685170696286
6, 1750779450.6907685, 0.3494827594942307
6, 1750779450.6912348, 0.3414628329336993
6, 1750779450.6916962, 0.20695376328832626
6, 1750779450.692163, 0.15895296018568716
6, 1750779450.6926227, 0.15085008327230787
6, 1750779450.6930852, 0.05670202955583159
6, 1750779450.693547, 0.013744488553278256
6, 1750779450.6947818, -0.1890136250012553
6, 1750779450.6952941, -0.2038384643209019
6, 1750779450.696184, -0.29803485601277835
6, 1750779450.6969433, -0.30978158080015117
6, 1750779450.6976995, -0.3140305485143404
6, 1750779450.6984594, -0.30587873686043254
6, 1750779450.6989179, -0.28187982722193405
6, 1750779450.6993687, -0.2502578398332882
6, 1750779450.6998198, -0.17101280166827815
6, 1750779450.7002711, -0.08938607387583453
6, 1750779450.700725, -0.05790910041338915
6, 1750779450.7011776, 0.0004252876525780991
6, 1750779450.70163, 0.05134367546795238
6, 1750779450.7020802, 0.08092174229183735
6, 1750779450.70253, 0.1677445040572363
6, 1750779450.703061, 0.2640301704636321
6, 1750779450.7035367, 0.2976381921995843
6, 1750779450.7040043, 0.3083137235814841
6, 1750779450.7044609, 0.37286700105048
6, 1750779450.7049177, 0.38348345268466844
6, 1750779450.7053745, 0.3936547175330727
6, 1750779450.70583, 0.39652754486117736
6, 1750779450.706285, 0.3955601885880453
6, 1750779450.7067416, 0.3895519572753412
6, 1750779450.7072265, 0.36693276861369695
6, 1750779450.707684, 0.33774379265352694
6, 1750779450.7081409, 0.2535754421792391
6, 1750779450.708597, 0.17625616508356767
6, 1750779450.709053, 0.141039264561456
6, 1750779450.709509, 0.08330402868439934
6, 1750779450.710005, 0.02523042697954203
6, 1750779450.710786, -0.06744361686979339
6, 1750779450.7112892, -0.16061834666185337
6, 1750779450.7117507, -0.16295050478363038
6, 1750779450.7122855, -0.26591337621166344
6, 1750779450.7130406, -0.30115534086916806
6, 1750779450.7137942, -0.312566086889253
6, 1750779450.7145476, -0.31364981236242295
6, 1750779450.7151768, -0.30428119661171316
6, 1750779450.7156358, -0.31646594700332953
6, 1750779450.716092, -0.2467428932270277
6, 1750779450.7165484, -0.19744293243986766
6, 1750779450.7170048, -0.08612833303991385
6, 1750779450.717462, -0.04675018927748775
6, 1750779450.717918, 0.00864811435676538
6, 1750779450.7183733, 0.05807458935114562
6, 1750779450.7189958, 0.08187776002752978
6, 1750779450.7194767, 0.22114304774622973
6, 1750779450.7199447, 0.28271249957323885
6, 1750779450.7204006, 0.31543790568429175
6, 1750779450.7208574, 0.35971549115086
6, 1750779450.7213135, 0.38249282257152917
6, 1750779450.7217705, 0.3478977513132073
6, 1750779450.7222288, 0.39468294384930136
6, 1750779450.722689, 0.39723888889422687
6, 1750779450.7231479, 0.39424909560095633
6, 1750779450.723604, 0.38358251569598245
6, 1750779450.7240617, 0.3537412754504743
6, 1750779450.724517, 0.31713689600483885
6, 1750779450.7249799, 0.22235328742661942
6, 1750779450.725453, 0.1614683252018816
6, 1750779450.7259152, 0.11912187169080735
6, 1750779450.7263715, 0.06014775140719797
6, 1750779450.7269673, 0.008691081446009719
6, 1750779450.7274396, -0.06014458258436539
6, 1750779450.7278981, -0.15632999244919032
6, 1750779450.7283556, -0.19796987604824245
6, 1750779450.7289536, -0.26624756468356603
6, 1750779450.7297106, -0.3015199643626185
6, 1750779450.730464, -0.31274929378367133
6, 1750779450.7312183, -0.3130261928032474
6, 1750779450.7317998, -0.3058548662552969
6, 1750779450.7322567, -0.2818780369265488
6, 1750779450.7327132, -0.2522695350811155
6, 1750779450.7331696, -0.16364334909769962
6, 1750779450.7336283, -0.09079861693475122
6, 1750779450.7340844, -0.05334742777192014
6, 1750779450.7345414, 0.004573402060068066
6, 1750779450.735015, 0.05646212997421607
6, 1750779450.7354925, 0.09062991740060511
6, 1750779450.7359567, 0.18183233844331204
6, 1750779450.736414, 0.2643792780637444
6, 1750779450.736869, 0.2954832733209418
6, 1750779450.737326, 0.3075743315874
6, 1750779450.7377841, 0.37305736912643894
6, 1750779450.738243, 0.3837925770211785
6, 1750779450.738702, 0.3927333121748271
6, 1750779450.7391608, 0.3971326647013722
6, 1750779450.7396173, 0.3964756262950071
6, 1750779450.740073, 0.3906685048305727
6, 1750779450.740529, 0.3681083959166398
6, 1750779450.740993, 0.3373093476400535
6, 1750779450.7414653, 0.2563629320939831
6, 1750779450.7419283, 0.17613323146711757
6, 1750779450.7423859, 0.14393655925982518
6, 1750779450.7428443, 0.0840959360097826
6, 1750779450.7433438, 0.025467939500643855
6, 1750779450.7438471, 0.03171069950880856
6, 1750779450.7443151, -0.10357476156860956
6, 1750779450.7447731, -0.18309550522293883
6, 1750779450.7452297, -0.21216035403640232
6, 1750779450.7459095, -0.2840407137518608
6, 1750779450.7466695, -0.3025953351239905
6, 1750779450.747417, -0.31425135161184725
6, 1750779450.7481701, -0.3105973587306705
6, 1750779450.748661, -0.29786955207221233
6, 1750779450.7491298, -0.2680217474102915
6, 1750779450.7496014, -0.21358781622352874
6, 1750779450.7500644, -0.1615898802908844
6, 1750779450.750523, -0.07108209385763198
6, 1750779450.7509866, -0.026198791785740472
6, 1750779450.7514439, 0.030300543510405564
6, 1750779450.7519014, 0.03419324244294142
6, 1750779450.7523594, 0.12839619855123008
6, 1750779450.7528152, 0.2208112463348404
6, 1750779450.7532723, 0.2791390699843954
6, 1750779450.7537286, 0.3163533433912531
6, 1750779450.7541845, 0.3598628921375737
6, 1750779450.7546434, 0.3825375799561588
6, 1750779450.7550979, 0.34660873863586916
6, 1750779450.7555547, 0.39550110884033396
6, 1750779450.7560115, 0.39723709859884204
6, 1750779450.7564688, 0.39465012176723935
6, 1750779450.7569752, 0.3813750814860408
6, 1750779450.7574468, 0.3508827704854509
6, 1750779450.7579093, 0.3446746228547335
6, 1750779450.7583652, 0.21007066755394543
6, 1750779450.758829, 0.16104939608174673
6, 1750779450.7592866, 0.11384348413013301
6, 1750779450.759744, 0.058765046604701165
6, 1750779450.7603025, 0.008814015062459823
6, 1750779450.7607727, -0.059600332787267174
6, 1750779450.7612324, -0.15512930101085498
6, 1750779450.761694, -0.19864064005256088
6, 1750779450.762271, -0.2611261263516602
6, 1750779450.7630274, -0.3004786092135654
6, 1750779450.7637808, -0.31185533962133194
6, 1750779450.764533, -0.31343020279517253
6, 1750779450.7651196, -0.30686339932228845
6, 1750779450.765593, -0.28201887349685073
6, 1750779450.7660563, -0.248820232638979
6, 1750779450.766515, -0.16736238937787196
6, 1750779450.7669728, -0.08831905782626048
6, 1750779450.76743, -0.053462006676572305
6, 1750779450.767887, 0.0033995650525109333
6, 1750779450.7683434, 0.05601455612791817
6, 1750779450.7687993, 0.08584266754060188
6, 1750779450.7692578, 0.1795992433328495
6, 1750779450.769714, 0.2590280851574054
6, 1750779450.7701714, 0.29294045710884076
6, 1750779450.7706308, 0.3431409364747524
6, 1750779450.771093, 0.3723866051221205
6, 1750779450.7715485, 0.3834380985349104
6, 1750779450.772005, 0.39342317266325466
6, 1750779450.7724626, 0.3968653139238505
6, 1750779450.7729745, 0.3955291568013686
6, 1750779450.7734473, 0.38960805319741043
6, 1750779450.7739105, 0.3652242300510955
6, 1750779450.774369, 0.33681880670451125
6, 1750779450.7748315, 0.2501744777125028
6, 1750779450.7752912, 0.17507039277344205
6, 1750779450.775748, 0.14018827748836138
6, 1750779450.7762048, 0.082926276358124
6, 1750779450.7766972, 0.025929835710023497
6, 1750779450.7771778, 0.032757425544017504
6, 1750779450.7776446, -0.10164243608285917
6, 1750779450.778102, -0.1813129677844163
6, 1750779450.7785597, -0.21533096716357747
6, 1750779450.7792835, -0.28353465692297997
6, 1750779450.7800374, -0.3036605608781797
6, 1750779450.780791, -0.314299092822119
6, 1750779450.7817209, -0.30756877570405416
6, 1750779450.7821946, -0.2856113995698024
6, 1750779450.782657, -0.25617058872544884
6, 1750779450.7831168, -0.18270402729871016
6, 1750779450.7835734, -0.09822535895765583
6, 1750779450.7840304, -0.060797443634832415
6, 1750779450.7844892, -0.04062320170423206
6, 1750779450.7849457, 0.04708098215581025
6, 1750779450.7854023, 0.07948890921855556
6, 1750779450.7858603, 0.12500597585680495
6, 1750779450.7863176, 0.2487607411233297
6, 1750779450.7867768, 0.2863032353508057
6, 1750779450.7872314, 0.33320479708693673
6, 1750779450.7876892, 0.36943798862270905
6, 1750779450.788147, 0.38371917491038543
6, 1750779450.7886043, 0.39171045674475424
6, 1750779450.7890694, 0.39682950801614636
6, 1750779450.7895393, 0.39632345118726553
6, 1750779450.7900002, 0.39233168924341566
6, 1750779450.7904575, 0.37245344281650095
6, 1750779450.7909184, 0.3471535851980958
6, 1750779450.7913752, 0.2802597948955259
6, 1750779450.7918317, 0.2288878655825699
6, 1750779450.7922895, 0.15169450592899025
6, 1750779450.7927468, 0.09990185720051459
6, 1750779450.7932048, 0.04370388829420957
6, 1750779450.7936711, 0.00794273797499967
6, 1750779450.7941403, -0.06458212807912833
6, 1750779450.794639, -0.12494611434677472
6, 1750779450.7950985, -0.20341416431461123
6, 1750779450.7956889, -0.26891808863314415
6, 1750779450.7964458, -0.3004589159643283
6, 1750779450.797212, -0.3128614856278098
6, 1750779450.7979834, -0.31224144665940523
6, 1750779450.7985184, -0.3041421503367965
6, 1750779450.7989812, -0.3169176982055264
6, 1750779450.7994392, -0.24652925131106151
6, 1750779450.7998962, -0.19459516924715548
6, 1750779450.8003533, -0.08676448466678544
6, 1750779450.8008156, -0.048251650340535246
6, 1750779450.8012736, 0.008587841078797176
6, 1750779450.8017318, 0.0582028938537511
6, 1750779450.802188, 0.09217136172725526
6, 1750779450.8026488, 0.18387267841730282
6, 1750779450.8031144, 0.26797240090182495
6, 1750779450.8035874, 0.2995090508771101
6, 1750779450.804047, 0.3094410129090268
6, 1750779450.8045049, 0.3752331747845754
6, 1750779450.8049626, 0.3838791079647961
6, 1750779450.8054192, 0.39372036169719626
6, 1750779450.8058767, 0.3976793015589841
6, 1750779450.8063338, 0.39572608929373976
6, 1750779450.8067918, 0.38890983799718537
6, 1750779450.8072488, 0.3670407831019369
6, 1750779450.8077064, 0.3367734525547528
6, 1750779450.808164, 0.25447417046260545
6, 1750779450.8086207, 0.17522734200221057
6, 1750779450.8090785, 0.14178104361605381
6, 1750779450.8095353, 0.08394614796255517
6, 1750779450.81003, 0.026562406746124534
6, 1750779450.8105073, -0.0037616164882576797
6, 1750779450.8109977, -0.10637597708130686
6, 1750779450.8114777, -0.18998038450925891
6, 1750779450.811945, -0.2205216302503774
6, 1750779450.8126693, -0.28810886163214544
6, 1750779450.8134253, -0.30431759928454527
6, 1750779450.8141794, -0.3144584291114012
6, 1750779450.8150074, -0.30933341018872484
6, 1750779450.8154683, -0.2897702557496036
6, 1750779450.8159266, -0.2624151390289984
6, 1750779450.8163862, -0.22988905247083036
6, 1750779450.816844, -0.10985989190089018
6, 1750779450.817302, -0.0668760932326875
6, 1750779450.8177595, -0.013500226618573308
6, 1750779450.8182187, 0.04380832219167896
6, 1750779450.8186789, 0.08440327005090742
6, 1750779450.8193004, 0.18172492072020052
6, 1750779450.8197796, 0.26395438129232573
6, 1750779450.82024, 0.2971082647655674
6, 1750779450.8207, 0.30863776704620394
6, 1750779450.821158, 0.37370843988152025
6, 1750779450.8216188, 0.38329964902512215
6, 1750779450.8220766, 0.39395011627162946
6, 1750779450.8225346, 0.39703479522031504
6, 1750779450.8229983, 0.3958120234722289
6, 1750779450.8234568, 0.3891097543151987
6, 1750779450.8239136, 0.3672812794486813
6, 1750779450.8243709, 0.3391748354314239
6, 1750779450.8248284, 0.2531254812724275
6, 1750779450.8252864, 0.1772724560972283
6, 1750779450.825745, 0.13958315764816653
6, 1750779450.8262024, 0.08390974528972306
6, 1750779450.8266728, 0.0509939711027112
6, 1750779450.8273942, -0.007914505016774598
6, 1750779450.8278825, -0.1505909022093932
6, 1750779450.82835, -0.19838164398683666
6, 1750779450.828809, -0.20839178225057342
6, 1750779450.8295903, -0.2980969195861314
6, 1750779450.8303483, -0.3103747653377784
6, 1750779450.8311052, -0.3135799908424004
6, 1750779450.8317745, -0.3074965671235179
6, 1750779450.832234, -0.2843731119283781
6, 1750779450.8326914, -0.25412666816068796
6, 1750779450.8331516, -0.17249815007285907
6, 1750779450.8336098, -0.09473308942627501
6, 1750779450.8340678, -0.05934312701692779
6, 1750779450.8345253, 0.000865103552206925
6, 1750779450.83503, 0.05589281604172491
6, 1750779450.835503, 0.08630337021972467
6, 1750779450.8359683, 0.18163600271606972
6, 1750779450.8364289, 0.26271967424167153
6, 1750779450.8368874, 0.29626622916939915
6, 1750779450.8373463, 0.34346915729537075
6, 1750779450.8378046, 0.3732214795367481
6, 1750779450.838263, 0.3838242055729837
6, 1750779450.8387249, 0.39409572696295836
6, 1750779450.8391871, 0.39711237468700666
6, 1750779450.8396456, 0.3963610473903545
6, 1750779450.8401036, 0.3906058444920908
6, 1750779450.8405614, 0.3670801696004111
6, 1750779450.8410194, 0.3391885610293768
6, 1750779450.8414774, 0.261739785900843
6, 1750779450.8419347, 0.18086677246556526
6, 1750779450.8423934, 0.1423235031177672
6, 1750779450.842967, 0.07462766048263081
6, 1750779450.8434396, 0.025663678462758188
6, 1750779450.8439465, -0.02417814506098681
6, 1750779450.8444152, -0.08477486972870851
6, 1750779450.8448753, -0.18834644158770697
6, 1750779450.8453343, -0.20138516287806052
6, 1750779450.8461616, -0.29337173329948163
6, 1750779450.846923, -0.30848242311563023
6, 1750779450.8476741, -0.3142632869144153
6, 1750779450.848368, -0.3083958921720127
6, 1750779450.84883, -0.2890129608016676
6, 1750779450.8492887, -0.2594653289993305
6, 1750779450.8497496, -0.18668325717486356
6, 1750779450.8502078, -0.1056091338913161
6, 1750779450.8506682, -0.06531316536141496
6, 1750779450.85114, -0.0435819632108263
6, 1750779450.8516126, 0.048483380207543725
6, 1750779450.8520763, 0.07863493831981883
6, 1750779450.8525348, 0.1599346388219005
6, 1750779450.852993, 0.25004676997502573
6, 1750779450.8534515, 0.28699070877871913
6, 1750779450.853911, 0.33053964402351443
6, 1750779450.8543692, 0.3691049936810633
6, 1750779450.8548324, 0.38382360880785527
6, 1750779450.8552923, 0.39202912932331824
6, 1750779450.8557503, 0.39632941883854933
6, 1750779450.8562095, 0.3967316385350892
6, 1750779450.8566673, 0.39290159994103524
6, 1750779450.857126, 0.3741542234324333
6, 1750779450.8575833, 0.3847778362481624
6, 1750779450.8580415, 0.2850028841360279
6, 1750779450.8584998, 0.19343404930448482
6, 1750779450.8589861, 0.1885387849562412
6, 1750779450.8594515, 0.09290657636544086
6, 1750779450.8599095, 0.04256585719435568
6, 1750779450.8603737, 0.006634628813552812
6, 1750779450.8608813, -0.08286999543886431
6, 1750779450.8613393, -0.13981332399053725
6, 1750779450.861888, -0.21196342154403158
6, 1750779450.8627007, -0.2882311984834671
6, 1750779450.8634639, -0.30605120198253966
6, 1750779450.8642337, -0.31422927130209644
6, 1750779450.8649523, -0.3100417703961327
6, 1750779450.865416, -0.2937226311949792
6, 1750779450.8658838, -0.26411591964493075
6, 1750779450.866345, -0.23994991577048097
6, 1750779450.8668165, -0.09199155042641749
6, 1750779450.8674664, -0.0799446527794605
6, 1750779450.8680344, 0.016369658353098337
6, 1750779450.8684902, 0.06424156018800353
6, 1750779450.8689551, 0.10750225787578271
6, 1750779450.869411, 0.2001768984902461
6, 1750779450.8698726, 0.27155179814195174
6, 1750779450.8703287, 0.3038075500969559
6, 1750779450.870803, 0.3544603774301929
6, 1750779450.871259, 0.3779144405064647
6, 1750779450.8718023, 0.34707540896627576
6, 1750779450.8722622, 0.3956091233285739
6, 1750779450.8727157, 0.3968092180017808
6, 1750779450.8733506, 0.3916072163775417
6, 1750779450.8738844, 0.3683960367085275
6, 1750779450.8743443, 0.34063929705651086
6, 1750779450.8748944, 0.24449327369016016
6, 1750779450.8753586, 0.17131853041120815
6, 1750779450.8759062, 0.1234621444696411
6, 1750779450.8763685, 0.06637439875689566
6, 1750779450.8769546, 0.00971154981556932
6, 1750779450.8774292, -0.01020369604930682
6, 1750779450.8779767, -0.12541397820743816
6, 1750779450.8784418, -0.20444537445648203
6, 1750779450.8790865, -0.27172944915302377
6, 1750779450.879844, -0.3000948892360058
6, 1750779450.880608, -0.312334542019435
6, 1750779450.8814027, -0.3097290654688525
6, 1750779450.8821712, -0.28671601182246587
6, 1750779450.8826425, -0.25932926655005595
6, 1750779450.883176, -0.16869496590958288
6, 1750779450.8836377, -0.09193485773921983
6, 1750779450.8841836, -0.04490021737945593
6, 1750779450.8846495, 0.013610216399388975
6, 1750779450.8851945, 0.0692812416973192
6, 1750779450.8856583, 0.07350096792021654
6, 1750779450.8862026, 0.19204179625993367
6, 1750779450.8866751, 0.27929064832700856
6, 1750779450.8872159, 0.3311614732873043
6, 1750779450.8876834, 0.3647796400304397
6, 1750779450.8881447, 0.38403546042843617
6, 1750779450.888694, 0.39465250882775305
6, 1750779450.8893373, 0.3965782698970912
6, 1750779450.8898125, 0.3945295752113034
6, 1750779450.8903425, 0.38096689413821716
6, 1750779450.8908098, 0.3499577845364352
6, 1750779450.8913536, 0.2875027332588842
6, 1750779450.8918128, 0.19569698267136726
6, 1750779450.892357, 0.14446111580768628
6, 1750779450.8928213, 0.08913621428422669
6, 1750779450.8933744, 0.024695128659369292
6, 1750779450.8939493, -0.01997393473142761
6, 1750779450.8944488, -0.1080099200028588
6, 1750779450.895026, -0.19699237476792764
6, 1750779450.8956087, -0.26167037614875843
6, 1750779450.8964605, -0.300122340431912
6, 1750779450.897245, -0.3127075202246834
6, 1750779450.8980806, -0.3118249045997836
6, 1750779450.89863, -0.30033836940839187
6, 1750779450.8990963, -0.27148954957140825
6, 1750779450.8995924, -0.2242156063951568
6, 1750779450.9000547, -0.12869439611823852
6, 1750779450.9006007, -0.07291535633206836
6, 1750779450.9010675, -0.01870938942435396
6, 1750779450.9016166, 0.047812019438096875
6, 1750779450.9020855, 0.07886051553835305
6, 1750779450.9026523, 0.18383925957011238
